 atm_1
    10101    10102    10103    10104    10105    10106    10107    10108    10109    10110    10111    10112
    10201    10202    10203    10204    10205    10206    10207    10208    10209    10210    10211    10212
    10301    10302    10303    10304    10305    10306    10307    10308    10309    10310    10311    10312
    10401    10402    10403    10404    10405    10406    10407    10408    10409    10410    10411    10412
    10501    10502    10503    10504    10505    10506    10507    10508    10509    10510    10511    10512
    10601    10602    10603    10604    10605    10606    10607    10608    10609    10610    10611    10612
    10701    10702    10703    10704    10705    10706    10707    10708    10709    10710    10711    10712
    10801    10802    10803    10804    10805    10806    10807    10808    10809    10810    10811    10812
    10901    10902    10903    10904    10905    10906    10907    10908    10909    10910    10911    10912
    11001    11002    11003    11004    11005    11006    11007    11008    11009    11010    11011    11012
    11101    11102    11103    11104    11105    11106    11107    11108    11109    11110    11111    11112
    11201    11202    11203    11204    11205    11206    11207    11208    11209    11210    11211    11212
    11301    11302    11303    11304    11305    11306    11307    11308    11309    11310    11311    11312
    11401    11402    11403    11404    11405    11406    11407    11408    11409    11410    11411    11412
    11501    11502    11503    11504    11505    11506    11507    11508    11509    11510    11511    11512
 
    10101    10102    10103    10104    10105    10106    10107    10108    10109    10110    10111    10112
    10201    10202    10203    10204    10205    10206    10207    10208    10209    10210    10211    10212
    10301    10302    10303    10304    10305    10306    10307    10308    10309    10310    10311    10312
    10401    10402    10403    10404    10405    10406    10407    10408    10409    10410    10411    10412
    10501    10502    10503    10504    10505    10506    10507    10508    10509    10510    10511    10512
    10601    10602    10603    10604    10605    10606    10607    10608    10609    10610    10611    10612
    10701    10702    10703    10704    10705    10706    10707    10708    10709    10710    10711    10712
    10801    10802    10803    10804    10805    10806    10807    10808    10809    10810    10811    10812
    10901    10902    10903    10904    10905    10906    10907    10908    10909    10910    10911    10912
    11001    11002    11003    11004    11005    11006    11007    11008    11009    11010    11011    11012
    11101    11102    11103    11104    11105    11106    11107    11108    11109    11110    11111    11112
    11201    11202    11203    11204    11205    11206    11207    11208    11209    11210    11211    11212
    11301    11302    11303    11304    11305    11306    11307    11308    11309    11310    11311    11312
    11401    11402    11403    11404    11405    11406    11407    11408    11409    11410    11411    11412
    11501    11502    11503    11504    11505    11506    11507    11508    11509    11510    11511    11512
 
    10101    10102    10103    10104    10105    10106    10107    10108    10109    10110    10111    10112
    10201    10202    10203    10204    10205    10206    10207    10208    10209    10210    10211    10212
    10301    10302    10303    10304    10305    10306    10307    10308    10309    10310    10311    10312
    10401    10402    10403    10404    10405    10406    10407    10408    10409    10410    10411    10412
    10501    10502    10503    10504    10505    10506    10507    10508    10509    10510    10511    10512
    10601    10602    10603    10604    10605    10606    10607    10608    10609    10610    10611    10612
    10701    10702    10703    10704    10705    10706    10707    10708    10709    10710    10711    10712
    10801    10802    10803    10804    10805    10806    10807    10808    10809    10810    10811    10812
    10901    10902    10903    10904    10905    10906    10907    10908    10909    10910    10911    10912
    11001    11002    11003    11004    11005    11006    11007    11008    11009    11010    11011    11012
    11101    11102    11103    11104    11105    11106    11107    11108    11109    11110    11111    11112
    11201    11202    11203    11204    11205    11206    11207    11208    11209    11210    11211    11212
    11301    11302    11303    11304    11305    11306    11307    11308    11309    11310    11311    11312
    11401    11402    11403    11404    11405    11406    11407    11408    11409    11410    11411    11412
    11501    11502    11503    11504    11505    11506    11507    11508    11509    11510    11511    11512
 
    10101    10102    10103    10104    10105    10106    10107    10108    10109    10110    10111    10112
    10201    10202    10203    10204    10205    10206    10207    10208    10209    10210    10211    10212
    10301    10302    10303    10304    10305    10306    10307    10308    10309    10310    10311    10312
    10401    10402    10403    10404    10405    10406    10407    10408    10409    10410    10411    10412
    10501    10502    10503    10504    10505    10506    10507    10508    10509    10510    10511    10512
    10601    10602    10603    10604    10605    10606    10607    10608    10609    10610    10611    10612
    10701    10702    10703    10704    10705    10706    10707    10708    10709    10710    10711    10712
    10801    10802    10803    10804    10805    10806    10807    10808    10809    10810    10811    10812
    10901    10902    10903    10904    10905    10906    10907    10908    10909    10910    10911    10912
    11001    11002    11003    11004    11005    11006    11007    11008    11009    11010    11011    11012
    11101    11102    11103    11104    11105    11106    11107    11108    11109    11110    11111    11112
    11201    11202    11203    11204    11205    11206    11207    11208    11209    11210    11211    11212
    11301    11302    11303    11304    11305    11306    11307    11308    11309    11310    11311    11312
    11401    11402    11403    11404    11405    11406    11407    11408    11409    11410    11411    11412
    11501    11502    11503    11504    11505    11506    11507    11508    11509    11510    11511    11512
 
    10101    10102    10103    10104    10105    10106    10107    10108    10109    10110    10111    10112
    10201    10202    10203    10204    10205    10206    10207    10208    10209    10210    10211    10212
    10301    10302    10303    10304    10305    10306    10307    10308    10309    10310    10311    10312
    10401    10402    10403    10404    10405    10406    10407    10408    10409    10410    10411    10412
    10501    10502    10503    10504    10505    10506    10507    10508    10509    10510    10511    10512
    10601    10602    10603    10604    10605    10606    10607    10608    10609    10610    10611    10612
    10701    10702    10703    10704    10705    10706    10707    10708    10709    10710    10711    10712
    10801    10802    10803    10804    10805    10806    10807    10808    10809    10810    10811    10812
    10901    10902    10903    10904    10905    10906    10907    10908    10909    10910    10911    10912
    11001    11002    11003    11004    11005    11006    11007    11008    11009    11010    11011    11012
    11101    11102    11103    11104    11105    11106    11107    11108    11109    11110    11111    11112
    11201    11202    11203    11204    11205    11206    11207    11208    11209    11210    11211    11212
    11301    11302    11303    11304    11305    11306    11307    11308    11309    11310    11311    11312
    11401    11402    11403    11404    11405    11406    11407    11408    11409    11410    11411    11412
    11501    11502    11503    11504    11505    11506    11507    11508    11509    11510    11511    11512
 
    10101    10102    10103    10104    10105    10106    10107    10108    10109    10110    10111    10112
    10201    10202    10203    10204    10205    10206    10207    10208    10209    10210    10211    10212
    10301    10302    10303    10304    10305    10306    10307    10308    10309    10310    10311    10312
    10401    10402    10403    10404    10405    10406    10407    10408    10409    10410    10411    10412
    10501    10502    10503    10504    10505    10506    10507    10508    10509    10510    10511    10512
    10601    10602    10603    10604    10605    10606    10607    10608    10609    10610    10611    10612
    10701    10702    10703    10704    10705    10706    10707    10708    10709    10710    10711    10712
    10801    10802    10803    10804    10805    10806    10807    10808    10809    10810    10811    10812
    10901    10902    10903    10904    10905    10906    10907    10908    10909    10910    10911    10912
    11001    11002    11003    11004    11005    11006    11007    11008    11009    11010    11011    11012
    11101    11102    11103    11104    11105    11106    11107    11108    11109    11110    11111    11112
    11201    11202    11203    11204    11205    11206    11207    11208    11209    11210    11211    11212
    11301    11302    11303    11304    11305    11306    11307    11308    11309    11310    11311    11312
    11401    11402    11403    11404    11405    11406    11407    11408    11409    11410    11411    11412
    11501    11502    11503    11504    11505    11506    11507    11508    11509    11510    11511    11512
 
    10101    10102    10103    10104    10105    10106    10107    10108    10109    10110    10111    10112
    10201    10202    10203    10204    10205    10206    10207    10208    10209    10210    10211    10212
    10301    10302    10303    10304    10305    10306    10307    10308    10309    10310    10311    10312
    10401    10402    10403    10404    10405    10406    10407    10408    10409    10410    10411    10412
    10501    10502    10503    10504    10505    10506    10507    10508    10509    10510    10511    10512
    10601    10602    10603    10604    10605    10606    10607    10608    10609    10610    10611    10612
    10701    10702    10703    10704    10705    10706    10707    10708    10709    10710    10711    10712
    10801    10802    10803    10804    10805    10806    10807    10808    10809    10810    10811    10812
    10901    10902    10903    10904    10905    10906    10907    10908    10909    10910    10911    10912
    11001    11002    11003    11004    11005    11006    11007    11008    11009    11010    11011    11012
    11101    11102    11103    11104    11105    11106    11107    11108    11109    11110    11111    11112
    11201    11202    11203    11204    11205    11206    11207    11208    11209    11210    11211    11212
    11301    11302    11303    11304    11305    11306    11307    11308    11309    11310    11311    11312
    11401    11402    11403    11404    11405    11406    11407    11408    11409    11410    11411    11412
    11501    11502    11503    11504    11505    11506    11507    11508    11509    11510    11511    11512
 
    10101    10102    10103    10104    10105    10106    10107    10108    10109    10110    10111    10112
    10201    10202    10203    10204    10205    10206    10207    10208    10209    10210    10211    10212
    10301    10302    10303    10304    10305    10306    10307    10308    10309    10310    10311    10312
    10401    10402    10403    10404    10405    10406    10407    10408    10409    10410    10411    10412
    10501    10502    10503    10504    10505    10506    10507    10508    10509    10510    10511    10512
    10601    10602    10603    10604    10605    10606    10607    10608    10609    10610    10611    10612
    10701    10702    10703    10704    10705    10706    10707    10708    10709    10710    10711    10712
    10801    10802    10803    10804    10805    10806    10807    10808    10809    10810    10811    10812
    10901    10902    10903    10904    10905    10906    10907    10908    10909    10910    10911    10912
    11001    11002    11003    11004    11005    11006    11007    11008    11009    11010    11011    11012
    11101    11102    11103    11104    11105    11106    11107    11108    11109    11110    11111    11112
    11201    11202    11203    11204    11205    11206    11207    11208    11209    11210    11211    11212
    11301    11302    11303    11304    11305    11306    11307    11308    11309    11310    11311    11312
    11401    11402    11403    11404    11405    11406    11407    11408    11409    11410    11411    11412
    11501    11502    11503    11504    11505    11506    11507    11508    11509    11510    11511    11512
 
 
 atm_1
  2010101  2010102  2010103  2010104  2010105  2010106  2010107  2010108  2010109  2010110  2010111  2010112
  2010201  2010202  2010203  2010204  2010205  2010206  2010207  2010208  2010209  2010210  2010211  2010212
  2010301  2010302  2010303  2010304  2010305  2010306  2010307  2010308  2010309  2010310  2010311  2010312
  2010401  2010402  2010403  2010404  2010405  2010406  2010407  2010408  2010409  2010410  2010411  2010412
  2010501  2010502  2010503  2010504  2010505  2010506  2010507  2010508  2010509  2010510  2010511  2010512
  2010601  2010602  2010603  2010604  2010605  2010606  2010607  2010608  2010609  2010610  2010611  2010612
  2010701  2010702  2010703  2010704  2010705  2010706  2010707  2010708  2010709  2010710  2010711  2010712
  2010801  2010802  2010803  2010804  2010805  2010806  2010807  2010808  2010809  2010810  2010811  2010812
  2010901  2010902  2010903  2010904  2010905  2010906  2010907  2010908  2010909  2010910  2010911  2010912
  2011001  2011002  2011003  2011004  2011005  2011006  2011007  2011008  2011009  2011010  2011011  2011012
  2011101  2011102  2011103  2011104  2011105  2011106  2011107  2011108  2011109  2011110  2011111  2011112
  2011201  2011202  2011203  2011204  2011205  2011206  2011207  2011208  2011209  2011210  2011211  2011212
  2011301  2011302  2011303  2011304  2011305  2011306  2011307  2011308  2011309  2011310  2011311  2011312
  2011401  2011402  2011403  2011404  2011405  2011406  2011407  2011408  2011409  2011410  2011411  2011412
  2011501  2011502  2011503  2011504  2011505  2011506  2011507  2011508  2011509  2011510  2011511  2011512
 
  2010101  2010102  2010103  2010104  2010105  2010106  2010107  2010108  2010109  2010110  2010111  2010112
  2010201  2010202  2010203  2010204  2010205  2010206  2010207  2010208  2010209  2010210  2010211  2010212
  2010301  2010302  2010303  2010304  2010305  2010306  2010307  2010308  2010309  2010310  2010311  2010312
  2010401  2010402  2010403  2010404  2010405  2010406  2010407  2010408  2010409  2010410  2010411  2010412
  2010501  2010502  2010503  2010504  2010505  2010506  2010507  2010508  2010509  2010510  2010511  2010512
  2010601  2010602  2010603  2010604  2010605  2010606  2010607  2010608  2010609  2010610  2010611  2010612
  2010701  2010702  2010703  2010704  2010705  2010706  2010707  2010708  2010709  2010710  2010711  2010712
  2010801  2010802  2010803  2010804  2010805  2010806  2010807  2010808  2010809  2010810  2010811  2010812
  2010901  2010902  2010903  2010904  2010905  2010906  2010907  2010908  2010909  2010910  2010911  2010912
  2011001  2011002  2011003  2011004  2011005  2011006  2011007  2011008  2011009  2011010  2011011  2011012
  2011101  2011102  2011103  2011104  2011105  2011106  2011107  2011108  2011109  2011110  2011111  2011112
  2011201  2011202  2011203  2011204  2011205  2011206  2011207  2011208  2011209  2011210  2011211  2011212
  2011301  2011302  2011303  2011304  2011305  2011306  2011307  2011308  2011309  2011310  2011311  2011312
  2011401  2011402  2011403  2011404  2011405  2011406  2011407  2011408  2011409  2011410  2011411  2011412
  2011501  2011502  2011503  2011504  2011505  2011506  2011507  2011508  2011509  2011510  2011511  2011512
 
  2010101  2010102  2010103  2010104  2010105  2010106  2010107  2010108  2010109  2010110  2010111  2010112
  2010201  2010202  2010203  2010204  2010205  2010206  2010207  2010208  2010209  2010210  2010211  2010212
  2010301  2010302  2010303  2010304  2010305  2010306  2010307  2010308  2010309  2010310  2010311  2010312
  2010401  2010402  2010403  2010404  2010405  2010406  2010407  2010408  2010409  2010410  2010411  2010412
  2010501  2010502  2010503  2010504  2010505  2010506  2010507  2010508  2010509  2010510  2010511  2010512
  2010601  2010602  2010603  2010604  2010605  2010606  2010607  2010608  2010609  2010610  2010611  2010612
  2010701  2010702  2010703  2010704  2010705  2010706  2010707  2010708  2010709  2010710  2010711  2010712
  2010801  2010802  2010803  2010804  2010805  2010806  2010807  2010808  2010809  2010810  2010811  2010812
  2010901  2010902  2010903  2010904  2010905  2010906  2010907  2010908  2010909  2010910  2010911  2010912
  2011001  2011002  2011003  2011004  2011005  2011006  2011007  2011008  2011009  2011010  2011011  2011012
  2011101  2011102  2011103  2011104  2011105  2011106  2011107  2011108  2011109  2011110  2011111  2011112
  2011201  2011202  2011203  2011204  2011205  2011206  2011207  2011208  2011209  2011210  2011211  2011212
  2011301  2011302  2011303  2011304  2011305  2011306  2011307  2011308  2011309  2011310  2011311  2011312
  2011401  2011402  2011403  2011404  2011405  2011406  2011407  2011408  2011409  2011410  2011411  2011412
  2011501  2011502  2011503  2011504  2011505  2011506  2011507  2011508  2011509  2011510  2011511  2011512
 
  2010101  2010102  2010103  2010104  2010105  2010106  2010107  2010108  2010109  2010110  2010111  2010112
  2010201  2010202  2010203  2010204  2010205  2010206  2010207  2010208  2010209  2010210  2010211  2010212
  2010301  2010302  2010303  2010304  2010305  2010306  2010307  2010308  2010309  2010310  2010311  2010312
  2010401  2010402  2010403  2010404  2010405  2010406  2010407  2010408  2010409  2010410  2010411  2010412
  2010501  2010502  2010503  2010504  2010505  2010506  2010507  2010508  2010509  2010510  2010511  2010512
  2010601  2010602  2010603  2010604  2010605  2010606  2010607  2010608  2010609  2010610  2010611  2010612
  2010701  2010702  2010703  2010704  2010705  2010706  2010707  2010708  2010709  2010710  2010711  2010712
  2010801  2010802  2010803  2010804  2010805  2010806  2010807  2010808  2010809  2010810  2010811  2010812
  2010901  2010902  2010903  2010904  2010905  2010906  2010907  2010908  2010909  2010910  2010911  2010912
  2011001  2011002  2011003  2011004  2011005  2011006  2011007  2011008  2011009  2011010  2011011  2011012
  2011101  2011102  2011103  2011104  2011105  2011106  2011107  2011108  2011109  2011110  2011111  2011112
  2011201  2011202  2011203  2011204  2011205  2011206  2011207  2011208  2011209  2011210  2011211  2011212
  2011301  2011302  2011303  2011304  2011305  2011306  2011307  2011308  2011309  2011310  2011311  2011312
  2011401  2011402  2011403  2011404  2011405  2011406  2011407  2011408  2011409  2011410  2011411  2011412
  2011501  2011502  2011503  2011504  2011505  2011506  2011507  2011508  2011509  2011510  2011511  2011512
 
  2010101  2010102  2010103  2010104  2010105  2010106  2010107  2010108  2010109  2010110  2010111  2010112
  2010201  2010202  2010203  2010204  2010205  2010206  2010207  2010208  2010209  2010210  2010211  2010212
  2010301  2010302  2010303  2010304  2010305  2010306  2010307  2010308  2010309  2010310  2010311  2010312
  2010401  2010402  2010403  2010404  2010405  2010406  2010407  2010408  2010409  2010410  2010411  2010412
  2010501  2010502  2010503  2010504  2010505  2010506  2010507  2010508  2010509  2010510  2010511  2010512
  2010601  2010602  2010603  2010604  2010605  2010606  2010607  2010608  2010609  2010610  2010611  2010612
  2010701  2010702  2010703  2010704  2010705  2010706  2010707  2010708  2010709  2010710  2010711  2010712
  2010801  2010802  2010803  2010804  2010805  2010806  2010807  2010808  2010809  2010810  2010811  2010812
  2010901  2010902  2010903  2010904  2010905  2010906  2010907  2010908  2010909  2010910  2010911  2010912
  2011001  2011002  2011003  2011004  2011005  2011006  2011007  2011008  2011009  2011010  2011011  2011012
  2011101  2011102  2011103  2011104  2011105  2011106  2011107  2011108  2011109  2011110  2011111  2011112
  2011201  2011202  2011203  2011204  2011205  2011206  2011207  2011208  2011209  2011210  2011211  2011212
  2011301  2011302  2011303  2011304  2011305  2011306  2011307  2011308  2011309  2011310  2011311  2011312
  2011401  2011402  2011403  2011404  2011405  2011406  2011407  2011408  2011409  2011410  2011411  2011412
  2011501  2011502  2011503  2011504  2011505  2011506  2011507  2011508  2011509  2011510  2011511  2011512
 
  2010101  2010102  2010103  2010104  2010105  2010106  2010107  2010108  2010109  2010110  2010111  2010112
  2010201  2010202  2010203  2010204  2010205  2010206  2010207  2010208  2010209  2010210  2010211  2010212
  2010301  2010302  2010303  2010304  2010305  2010306  2010307  2010308  2010309  2010310  2010311  2010312
  2010401  2010402  2010403  2010404  2010405  2010406  2010407  2010408  2010409  2010410  2010411  2010412
  2010501  2010502  2010503  2010504  2010505  2010506  2010507  2010508  2010509  2010510  2010511  2010512
  2010601  2010602  2010603  2010604  2010605  2010606  2010607  2010608  2010609  2010610  2010611  2010612
  2010701  2010702  2010703  2010704  2010705  2010706  2010707  2010708  2010709  2010710  2010711  2010712
  2010801  2010802  2010803  2010804  2010805  2010806  2010807  2010808  2010809  2010810  2010811  2010812
  2010901  2010902  2010903  2010904  2010905  2010906  2010907  2010908  2010909  2010910  2010911  2010912
  2011001  2011002  2011003  2011004  2011005  2011006  2011007  2011008  2011009  2011010  2011011  2011012
  2011101  2011102  2011103  2011104  2011105  2011106  2011107  2011108  2011109  2011110  2011111  2011112
  2011201  2011202  2011203  2011204  2011205  2011206  2011207  2011208  2011209  2011210  2011211  2011212
  2011301  2011302  2011303  2011304  2011305  2011306  2011307  2011308  2011309  2011310  2011311  2011312
  2011401  2011402  2011403  2011404  2011405  2011406  2011407  2011408  2011409  2011410  2011411  2011412
  2011501  2011502  2011503  2011504  2011505  2011506  2011507  2011508  2011509  2011510  2011511  2011512
 
  2010101  2010102  2010103  2010104  2010105  2010106  2010107  2010108  2010109  2010110  2010111  2010112
  2010201  2010202  2010203  2010204  2010205  2010206  2010207  2010208  2010209  2010210  2010211  2010212
  2010301  2010302  2010303  2010304  2010305  2010306  2010307  2010308  2010309  2010310  2010311  2010312
  2010401  2010402  2010403  2010404  2010405  2010406  2010407  2010408  2010409  2010410  2010411  2010412
  2010501  2010502  2010503  2010504  2010505  2010506  2010507  2010508  2010509  2010510  2010511  2010512
  2010601  2010602  2010603  2010604  2010605  2010606  2010607  2010608  2010609  2010610  2010611  2010612
  2010701  2010702  2010703  2010704  2010705  2010706  2010707  2010708  2010709  2010710  2010711  2010712
  2010801  2010802  2010803  2010804  2010805  2010806  2010807  2010808  2010809  2010810  2010811  2010812
  2010901  2010902  2010903  2010904  2010905  2010906  2010907  2010908  2010909  2010910  2010911  2010912
  2011001  2011002  2011003  2011004  2011005  2011006  2011007  2011008  2011009  2011010  2011011  2011012
  2011101  2011102  2011103  2011104  2011105  2011106  2011107  2011108  2011109  2011110  2011111  2011112
  2011201  2011202  2011203  2011204  2011205  2011206  2011207  2011208  2011209  2011210  2011211  2011212
  2011301  2011302  2011303  2011304  2011305  2011306  2011307  2011308  2011309  2011310  2011311  2011312
  2011401  2011402  2011403  2011404  2011405  2011406  2011407  2011408  2011409  2011410  2011411  2011412
  2011501  2011502  2011503  2011504  2011505  2011506  2011507  2011508  2011509  2011510  2011511  2011512
 
  2010101  2010102  2010103  2010104  2010105  2010106  2010107  2010108  2010109  2010110  2010111  2010112
  2010201  2010202  2010203  2010204  2010205  2010206  2010207  2010208  2010209  2010210  2010211  2010212
  2010301  2010302  2010303  2010304  2010305  2010306  2010307  2010308  2010309  2010310  2010311  2010312
  2010401  2010402  2010403  2010404  2010405  2010406  2010407  2010408  2010409  2010410  2010411  2010412
  2010501  2010502  2010503  2010504  2010505  2010506  2010507  2010508  2010509  2010510  2010511  2010512
  2010601  2010602  2010603  2010604  2010605  2010606  2010607  2010608  2010609  2010610  2010611  2010612
  2010701  2010702  2010703  2010704  2010705  2010706  2010707  2010708  2010709  2010710  2010711  2010712
  2010801  2010802  2010803  2010804  2010805  2010806  2010807  2010808  2010809  2010810  2010811  2010812
  2010901  2010902  2010903  2010904  2010905  2010906  2010907  2010908  2010909  2010910  2010911  2010912
  2011001  2011002  2011003  2011004  2011005  2011006  2011007  2011008  2011009  2011010  2011011  2011012
  2011101  2011102  2011103  2011104  2011105  2011106  2011107  2011108  2011109  2011110  2011111  2011112
  2011201  2011202  2011203  2011204  2011205  2011206  2011207  2011208  2011209  2011210  2011211  2011212
  2011301  2011302  2011303  2011304  2011305  2011306  2011307  2011308  2011309  2011310  2011311  2011312
  2011401  2011402  2011403  2011404  2011405  2011406  2011407  2011408  2011409  2011410  2011411  2011412
  2011501  2011502  2011503  2011504  2011505  2011506  2011507  2011508  2011509  2011510  2011511  2011512
 
 
 atm_1
  4010101  4010102  4010103  4010104  4010105  4010106  4010107  4010108  4010109  4010110  4010111  4010112
  4010201  4010202  4010203  4010204  4010205  4010206  4010207  4010208  4010209  4010210  4010211  4010212
  4010301  4010302  4010303  4010304  4010305  4010306  4010307  4010308  4010309  4010310  4010311  4010312
  4010401  4010402  4010403  4010404  4010405  4010406  4010407  4010408  4010409  4010410  4010411  4010412
  4010501  4010502  4010503  4010504  4010505  4010506  4010507  4010508  4010509  4010510  4010511  4010512
  4010601  4010602  4010603  4010604  4010605  4010606  4010607  4010608  4010609  4010610  4010611  4010612
  4010701  4010702  4010703  4010704  4010705  4010706  4010707  4010708  4010709  4010710  4010711  4010712
  4010801  4010802  4010803  4010804  4010805  4010806  4010807  4010808  4010809  4010810  4010811  4010812
  4010901  4010902  4010903  4010904  4010905  4010906  4010907  4010908  4010909  4010910  4010911  4010912
  4011001  4011002  4011003  4011004  4011005  4011006  4011007  4011008  4011009  4011010  4011011  4011012
  4011101  4011102  4011103  4011104  4011105  4011106  4011107  4011108  4011109  4011110  4011111  4011112
  4011201  4011202  4011203  4011204  4011205  4011206  4011207  4011208  4011209  4011210  4011211  4011212
  4011301  4011302  4011303  4011304  4011305  4011306  4011307  4011308  4011309  4011310  4011311  4011312
  4011401  4011402  4011403  4011404  4011405  4011406  4011407  4011408  4011409  4011410  4011411  4011412
  4011501  4011502  4011503  4011504  4011505  4011506  4011507  4011508  4011509  4011510  4011511  4011512
 
  4010101  4010102  4010103  4010104  4010105  4010106  4010107  4010108  4010109  4010110  4010111  4010112
  4010201  4010202  4010203  4010204  4010205  4010206  4010207  4010208  4010209  4010210  4010211  4010212
  4010301  4010302  4010303  4010304  4010305  4010306  4010307  4010308  4010309  4010310  4010311  4010312
  4010401  4010402  4010403  4010404  4010405  4010406  4010407  4010408  4010409  4010410  4010411  4010412
  4010501  4010502  4010503  4010504  4010505  4010506  4010507  4010508  4010509  4010510  4010511  4010512
  4010601  4010602  4010603  4010604  4010605  4010606  4010607  4010608  4010609  4010610  4010611  4010612
  4010701  4010702  4010703  4010704  4010705  4010706  4010707  4010708  4010709  4010710  4010711  4010712
  4010801  4010802  4010803  4010804  4010805  4010806  4010807  4010808  4010809  4010810  4010811  4010812
  4010901  4010902  4010903  4010904  4010905  4010906  4010907  4010908  4010909  4010910  4010911  4010912
  4011001  4011002  4011003  4011004  4011005  4011006  4011007  4011008  4011009  4011010  4011011  4011012
  4011101  4011102  4011103  4011104  4011105  4011106  4011107  4011108  4011109  4011110  4011111  4011112
  4011201  4011202  4011203  4011204  4011205  4011206  4011207  4011208  4011209  4011210  4011211  4011212
  4011301  4011302  4011303  4011304  4011305  4011306  4011307  4011308  4011309  4011310  4011311  4011312
  4011401  4011402  4011403  4011404  4011405  4011406  4011407  4011408  4011409  4011410  4011411  4011412
  4011501  4011502  4011503  4011504  4011505  4011506  4011507  4011508  4011509  4011510  4011511  4011512
 
  4010101  4010102  4010103  4010104  4010105  4010106  4010107  4010108  4010109  4010110  4010111  4010112
  4010201  4010202  4010203  4010204  4010205  4010206  4010207  4010208  4010209  4010210  4010211  4010212
  4010301  4010302  4010303  4010304  4010305  4010306  4010307  4010308  4010309  4010310  4010311  4010312
  4010401  4010402  4010403  4010404  4010405  4010406  4010407  4010408  4010409  4010410  4010411  4010412
  4010501  4010502  4010503  4010504  4010505  4010506  4010507  4010508  4010509  4010510  4010511  4010512
  4010601  4010602  4010603  4010604  4010605  4010606  4010607  4010608  4010609  4010610  4010611  4010612
  4010701  4010702  4010703  4010704  4010705  4010706  4010707  4010708  4010709  4010710  4010711  4010712
  4010801  4010802  4010803  4010804  4010805  4010806  4010807  4010808  4010809  4010810  4010811  4010812
  4010901  4010902  4010903  4010904  4010905  4010906  4010907  4010908  4010909  4010910  4010911  4010912
  4011001  4011002  4011003  4011004  4011005  4011006  4011007  4011008  4011009  4011010  4011011  4011012
  4011101  4011102  4011103  4011104  4011105  4011106  4011107  4011108  4011109  4011110  4011111  4011112
  4011201  4011202  4011203  4011204  4011205  4011206  4011207  4011208  4011209  4011210  4011211  4011212
  4011301  4011302  4011303  4011304  4011305  4011306  4011307  4011308  4011309  4011310  4011311  4011312
  4011401  4011402  4011403  4011404  4011405  4011406  4011407  4011408  4011409  4011410  4011411  4011412
  4011501  4011502  4011503  4011504  4011505  4011506  4011507  4011508  4011509  4011510  4011511  4011512
 
  4010101  4010102  4010103  4010104  4010105  4010106  4010107  4010108  4010109  4010110  4010111  4010112
  4010201  4010202  4010203  4010204  4010205  4010206  4010207  4010208  4010209  4010210  4010211  4010212
  4010301  4010302  4010303  4010304  4010305  4010306  4010307  4010308  4010309  4010310  4010311  4010312
  4010401  4010402  4010403  4010404  4010405  4010406  4010407  4010408  4010409  4010410  4010411  4010412
  4010501  4010502  4010503  4010504  4010505  4010506  4010507  4010508  4010509  4010510  4010511  4010512
  4010601  4010602  4010603  4010604  4010605  4010606  4010607  4010608  4010609  4010610  4010611  4010612
  4010701  4010702  4010703  4010704  4010705  4010706  4010707  4010708  4010709  4010710  4010711  4010712
  4010801  4010802  4010803  4010804  4010805  4010806  4010807  4010808  4010809  4010810  4010811  4010812
  4010901  4010902  4010903  4010904  4010905  4010906  4010907  4010908  4010909  4010910  4010911  4010912
  4011001  4011002  4011003  4011004  4011005  4011006  4011007  4011008  4011009  4011010  4011011  4011012
  4011101  4011102  4011103  4011104  4011105  4011106  4011107  4011108  4011109  4011110  4011111  4011112
  4011201  4011202  4011203  4011204  4011205  4011206  4011207  4011208  4011209  4011210  4011211  4011212
  4011301  4011302  4011303  4011304  4011305  4011306  4011307  4011308  4011309  4011310  4011311  4011312
  4011401  4011402  4011403  4011404  4011405  4011406  4011407  4011408  4011409  4011410  4011411  4011412
  4011501  4011502  4011503  4011504  4011505  4011506  4011507  4011508  4011509  4011510  4011511  4011512
 
  4010101  4010102  4010103  4010104  4010105  4010106  4010107  4010108  4010109  4010110  4010111  4010112
  4010201  4010202  4010203  4010204  4010205  4010206  4010207  4010208  4010209  4010210  4010211  4010212
  4010301  4010302  4010303  4010304  4010305  4010306  4010307  4010308  4010309  4010310  4010311  4010312
  4010401  4010402  4010403  4010404  4010405  4010406  4010407  4010408  4010409  4010410  4010411  4010412
  4010501  4010502  4010503  4010504  4010505  4010506  4010507  4010508  4010509  4010510  4010511  4010512
  4010601  4010602  4010603  4010604  4010605  4010606  4010607  4010608  4010609  4010610  4010611  4010612
  4010701  4010702  4010703  4010704  4010705  4010706  4010707  4010708  4010709  4010710  4010711  4010712
  4010801  4010802  4010803  4010804  4010805  4010806  4010807  4010808  4010809  4010810  4010811  4010812
  4010901  4010902  4010903  4010904  4010905  4010906  4010907  4010908  4010909  4010910  4010911  4010912
  4011001  4011002  4011003  4011004  4011005  4011006  4011007  4011008  4011009  4011010  4011011  4011012
  4011101  4011102  4011103  4011104  4011105  4011106  4011107  4011108  4011109  4011110  4011111  4011112
  4011201  4011202  4011203  4011204  4011205  4011206  4011207  4011208  4011209  4011210  4011211  4011212
  4011301  4011302  4011303  4011304  4011305  4011306  4011307  4011308  4011309  4011310  4011311  4011312
  4011401  4011402  4011403  4011404  4011405  4011406  4011407  4011408  4011409  4011410  4011411  4011412
  4011501  4011502  4011503  4011504  4011505  4011506  4011507  4011508  4011509  4011510  4011511  4011512
 
  4010101  4010102  4010103  4010104  4010105  4010106  4010107  4010108  4010109  4010110  4010111  4010112
  4010201  4010202  4010203  4010204  4010205  4010206  4010207  4010208  4010209  4010210  4010211  4010212
  4010301  4010302  4010303  4010304  4010305  4010306  4010307  4010308  4010309  4010310  4010311  4010312
  4010401  4010402  4010403  4010404  4010405  4010406  4010407  4010408  4010409  4010410  4010411  4010412
  4010501  4010502  4010503  4010504  4010505  4010506  4010507  4010508  4010509  4010510  4010511  4010512
  4010601  4010602  4010603  4010604  4010605  4010606  4010607  4010608  4010609  4010610  4010611  4010612
  4010701  4010702  4010703  4010704  4010705  4010706  4010707  4010708  4010709  4010710  4010711  4010712
  4010801  4010802  4010803  4010804  4010805  4010806  4010807  4010808  4010809  4010810  4010811  4010812
  4010901  4010902  4010903  4010904  4010905  4010906  4010907  4010908  4010909  4010910  4010911  4010912
  4011001  4011002  4011003  4011004  4011005  4011006  4011007  4011008  4011009  4011010  4011011  4011012
  4011101  4011102  4011103  4011104  4011105  4011106  4011107  4011108  4011109  4011110  4011111  4011112
  4011201  4011202  4011203  4011204  4011205  4011206  4011207  4011208  4011209  4011210  4011211  4011212
  4011301  4011302  4011303  4011304  4011305  4011306  4011307  4011308  4011309  4011310  4011311  4011312
  4011401  4011402  4011403  4011404  4011405  4011406  4011407  4011408  4011409  4011410  4011411  4011412
  4011501  4011502  4011503  4011504  4011505  4011506  4011507  4011508  4011509  4011510  4011511  4011512
 
  4010101  4010102  4010103  4010104  4010105  4010106  4010107  4010108  4010109  4010110  4010111  4010112
  4010201  4010202  4010203  4010204  4010205  4010206  4010207  4010208  4010209  4010210  4010211  4010212
  4010301  4010302  4010303  4010304  4010305  4010306  4010307  4010308  4010309  4010310  4010311  4010312
  4010401  4010402  4010403  4010404  4010405  4010406  4010407  4010408  4010409  4010410  4010411  4010412
  4010501  4010502  4010503  4010504  4010505  4010506  4010507  4010508  4010509  4010510  4010511  4010512
  4010601  4010602  4010603  4010604  4010605  4010606  4010607  4010608  4010609  4010610  4010611  4010612
  4010701  4010702  4010703  4010704  4010705  4010706  4010707  4010708  4010709  4010710  4010711  4010712
  4010801  4010802  4010803  4010804  4010805  4010806  4010807  4010808  4010809  4010810  4010811  4010812
  4010901  4010902  4010903  4010904  4010905  4010906  4010907  4010908  4010909  4010910  4010911  4010912
  4011001  4011002  4011003  4011004  4011005  4011006  4011007  4011008  4011009  4011010  4011011  4011012
  4011101  4011102  4011103  4011104  4011105  4011106  4011107  4011108  4011109  4011110  4011111  4011112
  4011201  4011202  4011203  4011204  4011205  4011206  4011207  4011208  4011209  4011210  4011211  4011212
  4011301  4011302  4011303  4011304  4011305  4011306  4011307  4011308  4011309  4011310  4011311  4011312
  4011401  4011402  4011403  4011404  4011405  4011406  4011407  4011408  4011409  4011410  4011411  4011412
  4011501  4011502  4011503  4011504  4011505  4011506  4011507  4011508  4011509  4011510  4011511  4011512
 
  4010101  4010102  4010103  4010104  4010105  4010106  4010107  4010108  4010109  4010110  4010111  4010112
  4010201  4010202  4010203  4010204  4010205  4010206  4010207  4010208  4010209  4010210  4010211  4010212
  4010301  4010302  4010303  4010304  4010305  4010306  4010307  4010308  4010309  4010310  4010311  4010312
  4010401  4010402  4010403  4010404  4010405  4010406  4010407  4010408  4010409  4010410  4010411  4010412
  4010501  4010502  4010503  4010504  4010505  4010506  4010507  4010508  4010509  4010510  4010511  4010512
  4010601  4010602  4010603  4010604  4010605  4010606  4010607  4010608  4010609  4010610  4010611  4010612
  4010701  4010702  4010703  4010704  4010705  4010706  4010707  4010708  4010709  4010710  4010711  4010712
  4010801  4010802  4010803  4010804  4010805  4010806  4010807  4010808  4010809  4010810  4010811  4010812
  4010901  4010902  4010903  4010904  4010905  4010906  4010907  4010908  4010909  4010910  4010911  4010912
  4011001  4011002  4011003  4011004  4011005  4011006  4011007  4011008  4011009  4011010  4011011  4011012
  4011101  4011102  4011103  4011104  4011105  4011106  4011107  4011108  4011109  4011110  4011111  4011112
  4011201  4011202  4011203  4011204  4011205  4011206  4011207  4011208  4011209  4011210  4011211  4011212
  4011301  4011302  4011303  4011304  4011305  4011306  4011307  4011308  4011309  4011310  4011311  4011312
  4011401  4011402  4011403  4011404  4011405  4011406  4011407  4011408  4011409  4011410  4011411  4011412
  4011501  4011502  4011503  4011504  4011505  4011506  4011507  4011508  4011509  4011510  4011511  4011512
 
 
