 oi_1
  1030101  1030102  1030103  1030104  1030105  1030106  1030107  1030108  1030101  1030102  1030103  1030104  1030105  1030106  1030107  1030108
  1030201  1030202  1030203  1030204  1030205  1030206  1030207  1030208  1030201  1030202  1030203  1030204  1030205  1030206  1030207  1030208
  1030301  1030302  1030303  1030304  1030305  1030306  1030307  1030308  1030301  1030302  1030303  1030304  1030305  1030306  1030307  1030308
  1030401  1030402  1030403  1030404  1030405  1030406  1030407  1030408  1030401  1030402  1030403  1030404  1030405  1030406  1030407  1030408
  1030501  1030502  1030503  1030504  1030505  1030506  1030507  1030508  1030501  1030502  1030503  1030504  1030505  1030506  1030507  1030508
  1030601  1030602  1030603  1030604  1030605  1030606  1030607  1030608  1030601  1030602  1030603  1030604  1030605  1030606  1030607  1030608
  1030101  1030102  1030103  1030104  1030105  1030106  1030107  1030108  1030101  1030102  1030103  1030104  1030105  1030106  1030107  1030108
  1030201  1030202  1030203  1030204  1030205  1030206  1030207  1030208  1030201  1030202  1030203  1030204  1030205  1030206  1030207  1030208
  1030301  1030302  1030303  1030304  1030305  1030306  1030307  1030308  1030301  1030302  1030303  1030304  1030305  1030306  1030307  1030308
  1030401  1030402  1030403  1030404  1030405  1030406  1030407  1030408  1030401  1030402  1030403  1030404  1030405  1030406  1030407  1030408
  1030501  1030502  1030503  1030504  1030505  1030506  1030507  1030508  1030501  1030502  1030503  1030504  1030505  1030506  1030507  1030508
  1030601  1030602  1030603  1030604  1030605  1030606  1030607  1030608  1030601  1030602  1030603  1030604  1030605  1030606  1030607  1030608
 
 ai_1
    10101    10102    10103    10104    10105    10106    10107    10108    10109    10110    10111    10112    10101    10102    10103    10104
    10201    10202    10203    10204    10205    10206    10207    10208    10209    10210    10211    10212    10201    10202    10203    10204
    10301    10302    10303    10304    10305    10306    10307    10308    10309    10310    10311    10312    10301    10302    10303    10304
    10401    10402    10403    10404    10405    10406    10407    10408    10409    10410    10411    10412    10401    10402    10403    10404
    10501    10502    10503    10504    10505    10506    10507    10508    10509    10510    10511    10512    10501    10502    10503    10504
    10601    10602    10603    10604    10605    10606    10607    10608    10609    10610    10611    10612    10601    10602    10603    10604
    10701    10702    10703    10704    10705    10706    10707    10708    10709    10710    10711    10712    10701    10702    10703    10704
    10801    10802    10803    10804    10805    10806    10807    10808    10809    10810    10811    10812    10801    10802    10803    10804
    10901    10902    10903    10904    10905    10906    10907    10908    10909    10910    10911    10912    10901    10902    10903    10904
    11001    11002    11003    11004    11005    11006    11007    11008    11009    11010    11011    11012    11001    11002    11003    11004
    11101    11102    11103    11104    11105    11106    11107    11108    11109    11110    11111    11112    11101    11102    11103    11104
    11201    11202    11203    11204    11205    11206    11207    11208    11209    11210    11211    11212    11201    11202    11203    11204
 
 li_1
    20101    20102    20103    20104    20105    20106    20107    20108    20109    20110    20111    20112    20113    20114    20115    20116
    20201    20202    20203    20204    20205    20206    20207    20208    20209    20210    20211    20212    20213    20214    20215    20216
    20301    20302    20303    20304    20305    20306    20307    20308    20309    20310    20311    20312    20313    20314    20315    20316
    20401    20402    20403    20404    20405    20406    20407    20408    20409    20410    20411    20412    20413    20414    20415    20416
    20501    20502    20503    20504    20505    20506    20507    20508    20509    20510    20511    20512    20513    20514    20515    20516
    20601    20602    20603    20604    20605    20606    20607    20608    20609    20610    20611    20612    20613    20614    20615    20616
    20701    20702    20703    20704    20705    20706    20707    20708    20709    20710    20711    20712    20713    20714    20715    20716
    20801    20802    20803    20804    20805    20806    20807    20808    20809    20810    20811    20812    20813    20814    20815    20816
    20901    20902    20903    20904    20905    20906    20907    20908    20909    20910    20911    20912    20913    20914    20915    20916
    21001    21002    21003    21004    21005    21006    21007    21008    21009    21010    21011    21012    21013    21014    21015    21016
    21101    21102    21103    21104    21105    21106    21107    21108    21109    21110    21111    21112    21113    21114    21115    21116
    21201    21202    21203    21204    21205    21206    21207    21208    21209    21210    21211    21212    21213    21214    21215    21216
 
 oi_1
        0        0        0        0        0        0        0        0        0        0        0        0        0        0        0        0
        0        0        0        0        0        0        0        0        0        0        0        0        0        0        0        0
        0        0        0        0        0        0        0        0        0        0        0        0        0        0        0        0
        0        0        0        0        0        0        0        0        0        0        0        0        0        0        0        0
        0        0        0        0        0        0        0        0        0        0        0        0        0        0        0        0
        0        0        0        0        0        0        0        0        0        0        0        0        0        0        0        0
        0        0        0        0        0        0        0        0        0        0        0        0        0        0        0        0
        0        0        0        0        0        0        0        0        0        0        0        0        0        0        0        0
        0        0        0        0        0        0        0        0        0        0        0        0        0        0        0        0
        0        0        0        0        0        0        0        0        0        0        0        0        0        0        0        0
        0        0        0        0        0        0        0        0        0        0        0        0        0        0        0        0
        0        0        0        0        0        0        0        0        0        0        0        0        0        0        0        0
 
 ai_1
        0        0        0        0        0        0        0        0        0        0        0        0        0        0        0        0
        0        0        0        0        0        0        0        0        0        0        0        0        0        0        0        0
        0        0        0        0        0        0        0        0        0        0        0        0        0        0        0        0
        0        0        0        0        0        0        0        0        0        0        0        0        0        0        0        0
        0        0        0        0        0        0        0        0        0        0        0        0        0        0        0        0
        0        0        0        0        0        0        0        0        0        0        0        0        0        0        0        0
        0        0        0        0        0        0        0        0        0        0        0        0        0        0        0        0
        0        0        0        0        0        0        0        0        0        0        0        0        0        0        0        0
        0        0        0        0        0        0        0        0        0        0        0        0        0        0        0        0
        0        0        0        0        0        0        0        0        0        0        0        0        0        0        0        0
        0        0        0        0        0        0        0        0        0        0        0        0        0        0        0        0
        0        0        0        0        0        0        0        0        0        0        0        0        0        0        0        0
 
 li_1
        0        0        0        0        0        0        0        0        0        0        0        0        0        0        0        0
        0        0        0        0        0        0        0        0        0        0        0        0        0        0        0        0
        0        0        0        0        0        0        0        0        0        0        0        0        0        0        0        0
        0        0        0        0        0        0        0        0        0        0        0        0        0        0        0        0
        0        0        0        0        0        0        0        0        0        0        0        0        0        0        0        0
        0        0        0        0        0        0        0        0        0        0        0        0        0        0        0        0
        0        0        0        0        0        0        0        0        0        0        0        0        0        0        0        0
        0        0        0        0        0        0        0        0        0        0        0        0        0        0        0        0
        0        0        0        0        0        0        0        0        0        0        0        0        0        0        0        0
        0        0        0        0        0        0        0        0        0        0        0        0        0        0        0        0
        0        0        0        0        0        0        0        0        0        0        0        0        0        0        0        0
        0        0        0        0        0        0        0        0        0        0        0        0        0        0        0        0
 
 oi_1
        0        0        0        0        0        0        0        0        0        0        0        0        0        0        0        0
        0        0        0        0        0        0        0        0        0        0        0        0        0        0        0        0
        0        0        0        0        0        0        0        0        0        0        0        0        0        0        0        0
        0        0        0        0        0        0        0        0        0        0        0        0        0        0        0        0
        0        0        0        0        0        0        0        0        0        0        0        0        0        0        0        0
        0        0        0        0        0        0        0        0        0        0        0        0        0        0        0        0
        0        0        0        0        0        0        0        0        0        0        0        0        0        0        0        0
        0        0        0        0        0        0        0        0        0        0        0        0        0        0        0        0
        0        0        0        0        0        0        0        0        0        0        0        0        0        0        0        0
        0        0        0        0        0        0        0        0        0        0        0        0        0        0        0        0
        0        0        0        0        0        0        0        0        0        0        0        0        0        0        0        0
        0        0        0        0        0        0        0        0        0        0        0        0        0        0        0        0
 
 ai_1
  1010101  1010102  1010103  1010104  1010105  1010106  1010107  1010108  1010109  1010110  1010111  1010112  1010101  1010102  1010103  1010104
  1010201  1010202  1010203  1010204  1010205  1010206  1010207  1010208  1010209  1010210  1010211  1010212  1010201  1010202  1010203  1010204
  1010301  1010302  1010303  1010304  1010305  1010306  1010307  1010308  1010309  1010310  1010311  1010312  1010301  1010302  1010303  1010304
  1010401  1010402  1010403  1010404  1010405  1010406  1010407  1010408  1010409  1010410  1010411  1010412  1010401  1010402  1010403  1010404
  1010501  1010502  1010503  1010504  1010505  1010506  1010507  1010508  1010509  1010510  1010511  1010512  1010501  1010502  1010503  1010504
  1010601  1010602  1010603  1010604  1010605  1010606  1010607  1010608  1010609  1010610  1010611  1010612  1010601  1010602  1010603  1010604
  1010701  1010702  1010703  1010704  1010705  1010706  1010707  1010708  1010709  1010710  1010711  1010712  1010701  1010702  1010703  1010704
  1010801  1010802  1010803  1010804  1010805  1010806  1010807  1010808  1010809  1010810  1010811  1010812  1010801  1010802  1010803  1010804
  1010901  1010902  1010903  1010904  1010905  1010906  1010907  1010908  1010909  1010910  1010911  1010912  1010901  1010902  1010903  1010904
  1011001  1011002  1011003  1011004  1011005  1011006  1011007  1011008  1011009  1011010  1011011  1011012  1011001  1011002  1011003  1011004
  1011101  1011102  1011103  1011104  1011105  1011106  1011107  1011108  1011109  1011110  1011111  1011112  1011101  1011102  1011103  1011104
  1011201  1011202  1011203  1011204  1011205  1011206  1011207  1011208  1011209  1011210  1011211  1011212  1011201  1011202  1011203  1011204
 
 li_1
  2020101  2020102  2020103  2020104  2020105  2020106  2020107  2020108  2020109  2020110  2020111  2020112  2020113  2020114  2020115  2020116
  2020201  2020202  2020203  2020204  2020205  2020206  2020207  2020208  2020209  2020210  2020211  2020212  2020213  2020214  2020215  2020216
  2020301  2020302  2020303  2020304  2020305  2020306  2020307  2020308  2020309  2020310  2020311  2020312  2020313  2020314  2020315  2020316
  2020401  2020402  2020403  2020404  2020405  2020406  2020407  2020408  2020409  2020410  2020411  2020412  2020413  2020414  2020415  2020416
  2020501  2020502  2020503  2020504  2020505  2020506  2020507  2020508  2020509  2020510  2020511  2020512  2020513  2020514  2020515  2020516
  2020601  2020602  2020603  2020604  2020605  2020606  2020607  2020608  2020609  2020610  2020611  2020612  2020613  2020614  2020615  2020616
  2020701  2020702  2020703  2020704  2020705  2020706  2020707  2020708  2020709  2020710  2020711  2020712  2020713  2020714  2020715  2020716
  2020801  2020802  2020803  2020804  2020805  2020806  2020807  2020808  2020809  2020810  2020811  2020812  2020813  2020814  2020815  2020816
  2020901  2020902  2020903  2020904  2020905  2020906  2020907  2020908  2020909  2020910  2020911  2020912  2020913  2020914  2020915  2020916
  2021001  2021002  2021003  2021004  2021005  2021006  2021007  2021008  2021009  2021010  2021011  2021012  2021013  2021014  2021015  2021016
  2021101  2021102  2021103  2021104  2021105  2021106  2021107  2021108  2021109  2021110  2021111  2021112  2021113  2021114  2021115  2021116
  2021201  2021202  2021203  2021204  2021205  2021206  2021207  2021208  2021209  2021210  2021211  2021212  2021213  2021214  2021215  2021216
 
 oi_1
        0        0        0        0        0        0        0        0        0        0        0        0        0        0        0        0
        0        0        0        0        0        0        0        0        0        0        0        0        0        0        0        0
        0        0        0        0        0        0        0        0        0        0        0        0        0        0        0        0
        0        0        0        0        0        0        0        0        0        0        0        0        0        0        0        0
        0        0        0        0        0        0        0        0        0        0        0        0        0        0        0        0
        0        0        0        0        0        0        0        0        0        0        0        0        0        0        0        0
        0        0        0        0        0        0        0        0        0        0        0        0        0        0        0        0
        0        0        0        0        0        0        0        0        0        0        0        0        0        0        0        0
        0        0        0        0        0        0        0        0        0        0        0        0        0        0        0        0
        0        0        0        0        0        0        0        0        0        0        0        0        0        0        0        0
        0        0        0        0        0        0        0        0        0        0        0        0        0        0        0        0
        0        0        0        0        0        0        0        0        0        0        0        0        0        0        0        0
 
 ai_1
        0        0        0        0        0        0        0        0        0        0        0        0        0        0        0        0
        0        0        0        0        0        0        0        0        0        0        0        0        0        0        0        0
        0        0        0        0        0        0        0        0        0        0        0        0        0        0        0        0
        0        0        0        0        0        0        0        0        0        0        0        0        0        0        0        0
        0        0        0        0        0        0        0        0        0        0        0        0        0        0        0        0
        0        0        0        0        0        0        0        0        0        0        0        0        0        0        0        0
        0        0        0        0        0        0        0        0        0        0        0        0        0        0        0        0
        0        0        0        0        0        0        0        0        0        0        0        0        0        0        0        0
        0        0        0        0        0        0        0        0        0        0        0        0        0        0        0        0
        0        0        0        0        0        0        0        0        0        0        0        0        0        0        0        0
        0        0        0        0        0        0        0        0        0        0        0        0        0        0        0        0
        0        0        0        0        0        0        0        0        0        0        0        0        0        0        0        0
 
 li_1
        0        0        0        0        0        0        0        0        0        0        0        0        0        0        0        0
        0        0        0        0        0        0        0        0        0        0        0        0        0        0        0        0
        0        0        0        0        0        0        0        0        0        0        0        0        0        0        0        0
        0        0        0        0        0        0        0        0        0        0        0        0        0        0        0        0
        0        0        0        0        0        0        0        0        0        0        0        0        0        0        0        0
        0        0        0        0        0        0        0        0        0        0        0        0        0        0        0        0
        0        0        0        0        0        0        0        0        0        0        0        0        0        0        0        0
        0        0        0        0        0        0        0        0        0        0        0        0        0        0        0        0
        0        0        0        0        0        0        0        0        0        0        0        0        0        0        0        0
        0        0        0        0        0        0        0        0        0        0        0        0        0        0        0        0
        0        0        0        0        0        0        0        0        0        0        0        0        0        0        0        0
        0        0        0        0        0        0        0        0        0        0        0        0        0        0        0        0
 
 oi_1
        0        0        0        0        0        0        0        0        0        0        0        0        0        0        0        0
        0        0        0        0        0        0        0        0        0        0        0        0        0        0        0        0
        0        0        0        0        0        0        0        0        0        0        0        0        0        0        0        0
        0        0        0        0        0        0        0        0        0        0        0        0        0        0        0        0
        0        0        0        0        0        0        0        0        0        0        0        0        0        0        0        0
        0        0        0        0        0        0        0        0        0        0        0        0        0        0        0        0
        0        0        0        0        0        0        0        0        0        0        0        0        0        0        0        0
        0        0        0        0        0        0        0        0        0        0        0        0        0        0        0        0
        0        0        0        0        0        0        0        0        0        0        0        0        0        0        0        0
        0        0        0        0        0        0        0        0        0        0        0        0        0        0        0        0
        0        0        0        0        0        0        0        0        0        0        0        0        0        0        0        0
        0        0        0        0        0        0        0        0        0        0        0        0        0        0        0        0
 
 ai_1
  2010101  2010102  2010103  2010104  2010105  2010106  2010107  2010108  2010109  2010110  2010111  2010112  2010101  2010102  2010103  2010104
  2010201  2010202  2010203  2010204  2010205  2010206  2010207  2010208  2010209  2010210  2010211  2010212  2010201  2010202  2010203  2010204
  2010301  2010302  2010303  2010304  2010305  2010306  2010307  2010308  2010309  2010310  2010311  2010312  2010301  2010302  2010303  2010304
  2010401  2010402  2010403  2010404  2010405  2010406  2010407  2010408  2010409  2010410  2010411  2010412  2010401  2010402  2010403  2010404
  2010501  2010502  2010503  2010504  2010505  2010506  2010507  2010508  2010509  2010510  2010511  2010512  2010501  2010502  2010503  2010504
  2010601  2010602  2010603  2010604  2010605  2010606  2010607  2010608  2010609  2010610  2010611  2010612  2010601  2010602  2010603  2010604
  2010701  2010702  2010703  2010704  2010705  2010706  2010707  2010708  2010709  2010710  2010711  2010712  2010701  2010702  2010703  2010704
  2010801  2010802  2010803  2010804  2010805  2010806  2010807  2010808  2010809  2010810  2010811  2010812  2010801  2010802  2010803  2010804
  2010901  2010902  2010903  2010904  2010905  2010906  2010907  2010908  2010909  2010910  2010911  2010912  2010901  2010902  2010903  2010904
  2011001  2011002  2011003  2011004  2011005  2011006  2011007  2011008  2011009  2011010  2011011  2011012  2011001  2011002  2011003  2011004
  2011101  2011102  2011103  2011104  2011105  2011106  2011107  2011108  2011109  2011110  2011111  2011112  2011101  2011102  2011103  2011104
  2011201  2011202  2011203  2011204  2011205  2011206  2011207  2011208  2011209  2011210  2011211  2011212  2011201  2011202  2011203  2011204
 
 li_1
  4020101  4020102  4020103  4020104  4020105  4020106  4020107  4020108  4020109  4020110  4020111  4020112  4020113  4020114  4020115  4020116
  4020201  4020202  4020203  4020204  4020205  4020206  4020207  4020208  4020209  4020210  4020211  4020212  4020213  4020214  4020215  4020216
  4020301  4020302  4020303  4020304  4020305  4020306  4020307  4020308  4020309  4020310  4020311  4020312  4020313  4020314  4020315  4020316
  4020401  4020402  4020403  4020404  4020405  4020406  4020407  4020408  4020409  4020410  4020411  4020412  4020413  4020414  4020415  4020416
  4020501  4020502  4020503  4020504  4020505  4020506  4020507  4020508  4020509  4020510  4020511  4020512  4020513  4020514  4020515  4020516
  4020601  4020602  4020603  4020604  4020605  4020606  4020607  4020608  4020609  4020610  4020611  4020612  4020613  4020614  4020615  4020616
  4020701  4020702  4020703  4020704  4020705  4020706  4020707  4020708  4020709  4020710  4020711  4020712  4020713  4020714  4020715  4020716
  4020801  4020802  4020803  4020804  4020805  4020806  4020807  4020808  4020809  4020810  4020811  4020812  4020813  4020814  4020815  4020816
  4020901  4020902  4020903  4020904  4020905  4020906  4020907  4020908  4020909  4020910  4020911  4020912  4020913  4020914  4020915  4020916
  4021001  4021002  4021003  4021004  4021005  4021006  4021007  4021008  4021009  4021010  4021011  4021012  4021013  4021014  4021015  4021016
  4021101  4021102  4021103  4021104  4021105  4021106  4021107  4021108  4021109  4021110  4021111  4021112  4021113  4021114  4021115  4021116
  4021201  4021202  4021203  4021204  4021205  4021206  4021207  4021208  4021209  4021210  4021211  4021212  4021213  4021214  4021215  4021216
 
 oi_1
        0        0        0        0        0        0        0        0        0        0        0        0        0        0        0        0
        0        0        0        0        0        0        0        0        0        0        0        0        0        0        0        0
        0        0        0        0        0        0        0        0        0        0        0        0        0        0        0        0
        0        0        0        0        0        0        0        0        0        0        0        0        0        0        0        0
        0        0        0        0        0        0        0        0        0        0        0        0        0        0        0        0
        0        0        0        0        0        0        0        0        0        0        0        0        0        0        0        0
        0        0        0        0        0        0        0        0        0        0        0        0        0        0        0        0
        0        0        0        0        0        0        0        0        0        0        0        0        0        0        0        0
        0        0        0        0        0        0        0        0        0        0        0        0        0        0        0        0
        0        0        0        0        0        0        0        0        0        0        0        0        0        0        0        0
        0        0        0        0        0        0        0        0        0        0        0        0        0        0        0        0
        0        0        0        0        0        0        0        0        0        0        0        0        0        0        0        0
 
 ai_1
        0        0        0        0        0        0        0        0        0        0        0        0        0        0        0        0
        0        0        0        0        0        0        0        0        0        0        0        0        0        0        0        0
        0        0        0        0        0        0        0        0        0        0        0        0        0        0        0        0
        0        0        0        0        0        0        0        0        0        0        0        0        0        0        0        0
        0        0        0        0        0        0        0        0        0        0        0        0        0        0        0        0
        0        0        0        0        0        0        0        0        0        0        0        0        0        0        0        0
        0        0        0        0        0        0        0        0        0        0        0        0        0        0        0        0
        0        0        0        0        0        0        0        0        0        0        0        0        0        0        0        0
        0        0        0        0        0        0        0        0        0        0        0        0        0        0        0        0
        0        0        0        0        0        0        0        0        0        0        0        0        0        0        0        0
        0        0        0        0        0        0        0        0        0        0        0        0        0        0        0        0
        0        0        0        0        0        0        0        0        0        0        0        0        0        0        0        0
 
 li_1
        0        0        0        0        0        0        0        0        0        0        0        0        0        0        0        0
        0        0        0        0        0        0        0        0        0        0        0        0        0        0        0        0
        0        0        0        0        0        0        0        0        0        0        0        0        0        0        0        0
        0        0        0        0        0        0        0        0        0        0        0        0        0        0        0        0
        0        0        0        0        0        0        0        0        0        0        0        0        0        0        0        0
        0        0        0        0        0        0        0        0        0        0        0        0        0        0        0        0
        0        0        0        0        0        0        0        0        0        0        0        0        0        0        0        0
        0        0        0        0        0        0        0        0        0        0        0        0        0        0        0        0
        0        0        0        0        0        0        0        0        0        0        0        0        0        0        0        0
        0        0        0        0        0        0        0        0        0        0        0        0        0        0        0        0
        0        0        0        0        0        0        0        0        0        0        0        0        0        0        0        0
        0        0        0        0        0        0        0        0        0        0        0        0        0        0        0        0
 
 oi_1
  2030101  2030102  2030103  2030104  2030105  2030106  2030107  2030108  2030101  2030102  2030103  2030104  2030105  2030106  2030107  2030108
  2030201  2030202  2030203  2030204  2030205  2030206  2030207  2030208  2030201  2030202  2030203  2030204  2030205  2030206  2030207  2030208
  2030301  2030302  2030303  2030304  2030305  2030306  2030307  2030308  2030301  2030302  2030303  2030304  2030305  2030306  2030307  2030308
  2030401  2030402  2030403  2030404  2030405  2030406  2030407  2030408  2030401  2030402  2030403  2030404  2030405  2030406  2030407  2030408
  2030501  2030502  2030503  2030504  2030505  2030506  2030507  2030508  2030501  2030502  2030503  2030504  2030505  2030506  2030507  2030508
  2030601  2030602  2030603  2030604  2030605  2030606  2030607  2030608  2030601  2030602  2030603  2030604  2030605  2030606  2030607  2030608
  2030101  2030102  2030103  2030104  2030105  2030106  2030107  2030108  2030101  2030102  2030103  2030104  2030105  2030106  2030107  2030108
  2030201  2030202  2030203  2030204  2030205  2030206  2030207  2030208  2030201  2030202  2030203  2030204  2030205  2030206  2030207  2030208
  2030301  2030302  2030303  2030304  2030305  2030306  2030307  2030308  2030301  2030302  2030303  2030304  2030305  2030306  2030307  2030308
  2030401  2030402  2030403  2030404  2030405  2030406  2030407  2030408  2030401  2030402  2030403  2030404  2030405  2030406  2030407  2030408
  2030501  2030502  2030503  2030504  2030505  2030506  2030507  2030508  2030501  2030502  2030503  2030504  2030505  2030506  2030507  2030508
  2030601  2030602  2030603  2030604  2030605  2030606  2030607  2030608  2030601  2030602  2030603  2030604  2030605  2030606  2030607  2030608
 
 ai_1
  3010101  3010102  3010103  3010104  3010105  3010106  3010107  3010108  3010109  3010110  3010111  3010112  3010101  3010102  3010103  3010104
  3010201  3010202  3010203  3010204  3010205  3010206  3010207  3010208  3010209  3010210  3010211  3010212  3010201  3010202  3010203  3010204
  3010301  3010302  3010303  3010304  3010305  3010306  3010307  3010308  3010309  3010310  3010311  3010312  3010301  3010302  3010303  3010304
  3010401  3010402  3010403  3010404  3010405  3010406  3010407  3010408  3010409  3010410  3010411  3010412  3010401  3010402  3010403  3010404
  3010501  3010502  3010503  3010504  3010505  3010506  3010507  3010508  3010509  3010510  3010511  3010512  3010501  3010502  3010503  3010504
  3010601  3010602  3010603  3010604  3010605  3010606  3010607  3010608  3010609  3010610  3010611  3010612  3010601  3010602  3010603  3010604
  3010701  3010702  3010703  3010704  3010705  3010706  3010707  3010708  3010709  3010710  3010711  3010712  3010701  3010702  3010703  3010704
  3010801  3010802  3010803  3010804  3010805  3010806  3010807  3010808  3010809  3010810  3010811  3010812  3010801  3010802  3010803  3010804
  3010901  3010902  3010903  3010904  3010905  3010906  3010907  3010908  3010909  3010910  3010911  3010912  3010901  3010902  3010903  3010904
  3011001  3011002  3011003  3011004  3011005  3011006  3011007  3011008  3011009  3011010  3011011  3011012  3011001  3011002  3011003  3011004
  3011101  3011102  3011103  3011104  3011105  3011106  3011107  3011108  3011109  3011110  3011111  3011112  3011101  3011102  3011103  3011104
  3011201  3011202  3011203  3011204  3011205  3011206  3011207  3011208  3011209  3011210  3011211  3011212  3011201  3011202  3011203  3011204
 
 li_1
  6020101  6020102  6020103  6020104  6020105  6020106  6020107  6020108  6020109  6020110  6020111  6020112  6020113  6020114  6020115  6020116
  6020201  6020202  6020203  6020204  6020205  6020206  6020207  6020208  6020209  6020210  6020211  6020212  6020213  6020214  6020215  6020216
  6020301  6020302  6020303  6020304  6020305  6020306  6020307  6020308  6020309  6020310  6020311  6020312  6020313  6020314  6020315  6020316
  6020401  6020402  6020403  6020404  6020405  6020406  6020407  6020408  6020409  6020410  6020411  6020412  6020413  6020414  6020415  6020416
  6020501  6020502  6020503  6020504  6020505  6020506  6020507  6020508  6020509  6020510  6020511  6020512  6020513  6020514  6020515  6020516
  6020601  6020602  6020603  6020604  6020605  6020606  6020607  6020608  6020609  6020610  6020611  6020612  6020613  6020614  6020615  6020616
  6020701  6020702  6020703  6020704  6020705  6020706  6020707  6020708  6020709  6020710  6020711  6020712  6020713  6020714  6020715  6020716
  6020801  6020802  6020803  6020804  6020805  6020806  6020807  6020808  6020809  6020810  6020811  6020812  6020813  6020814  6020815  6020816
  6020901  6020902  6020903  6020904  6020905  6020906  6020907  6020908  6020909  6020910  6020911  6020912  6020913  6020914  6020915  6020916
  6021001  6021002  6021003  6021004  6021005  6021006  6021007  6021008  6021009  6021010  6021011  6021012  6021013  6021014  6021015  6021016
  6021101  6021102  6021103  6021104  6021105  6021106  6021107  6021108  6021109  6021110  6021111  6021112  6021113  6021114  6021115  6021116
  6021201  6021202  6021203  6021204  6021205  6021206  6021207  6021208  6021209  6021210  6021211  6021212  6021213  6021214  6021215  6021216
 
 oi_1
        0        0        0        0        0        0        0        0        0        0        0        0        0        0        0        0
        0        0        0        0        0        0        0        0        0        0        0        0        0        0        0        0
        0        0        0        0        0        0        0        0        0        0        0        0        0        0        0        0
        0        0        0        0        0        0        0        0        0        0        0        0        0        0        0        0
        0        0        0        0        0        0        0        0        0        0        0        0        0        0        0        0
        0        0        0        0        0        0        0        0        0        0        0        0        0        0        0        0
        0        0        0        0        0        0        0        0        0        0        0        0        0        0        0        0
        0        0        0        0        0        0        0        0        0        0        0        0        0        0        0        0
        0        0        0        0        0        0        0        0        0        0        0        0        0        0        0        0
        0        0        0        0        0        0        0        0        0        0        0        0        0        0        0        0
        0        0        0        0        0        0        0        0        0        0        0        0        0        0        0        0
        0        0        0        0        0        0        0        0        0        0        0        0        0        0        0        0
 
 ai_1
        0        0        0        0        0        0        0        0        0        0        0        0        0        0        0        0
        0        0        0        0        0        0        0        0        0        0        0        0        0        0        0        0
        0        0        0        0        0        0        0        0        0        0        0        0        0        0        0        0
        0        0        0        0        0        0        0        0        0        0        0        0        0        0        0        0
        0        0        0        0        0        0        0        0        0        0        0        0        0        0        0        0
        0        0        0        0        0        0        0        0        0        0        0        0        0        0        0        0
        0        0        0        0        0        0        0        0        0        0        0        0        0        0        0        0
        0        0        0        0        0        0        0        0        0        0        0        0        0        0        0        0
        0        0        0        0        0        0        0        0        0        0        0        0        0        0        0        0
        0        0        0        0        0        0        0        0        0        0        0        0        0        0        0        0
        0        0        0        0        0        0        0        0        0        0        0        0        0        0        0        0
        0        0        0        0        0        0        0        0        0        0        0        0        0        0        0        0
 
 li_1
        0        0        0        0        0        0        0        0        0        0        0        0        0        0        0        0
        0        0        0        0        0        0        0        0        0        0        0        0        0        0        0        0
        0        0        0        0        0        0        0        0        0        0        0        0        0        0        0        0
        0        0        0        0        0        0        0        0        0        0        0        0        0        0        0        0
        0        0        0        0        0        0        0        0        0        0        0        0        0        0        0        0
        0        0        0        0        0        0        0        0        0        0        0        0        0        0        0        0
        0        0        0        0        0        0        0        0        0        0        0        0        0        0        0        0
        0        0        0        0        0        0        0        0        0        0        0        0        0        0        0        0
        0        0        0        0        0        0        0        0        0        0        0        0        0        0        0        0
        0        0        0        0        0        0        0        0        0        0        0        0        0        0        0        0
        0        0        0        0        0        0        0        0        0        0        0        0        0        0        0        0
        0        0        0        0        0        0        0        0        0        0        0        0        0        0        0        0
 
 oi_1
        0        0        0        0        0        0        0        0        0        0        0        0        0        0        0        0
        0        0        0        0        0        0        0        0        0        0        0        0        0        0        0        0
        0        0        0        0        0        0        0        0        0        0        0        0        0        0        0        0
        0        0        0        0        0        0        0        0        0        0        0        0        0        0        0        0
        0        0        0        0        0        0        0        0        0        0        0        0        0        0        0        0
        0        0        0        0        0        0        0        0        0        0        0        0        0        0        0        0
        0        0        0        0        0        0        0        0        0        0        0        0        0        0        0        0
        0        0        0        0        0        0        0        0        0        0        0        0        0        0        0        0
        0        0        0        0        0        0        0        0        0        0        0        0        0        0        0        0
        0        0        0        0        0        0        0        0        0        0        0        0        0        0        0        0
        0        0        0        0        0        0        0        0        0        0        0        0        0        0        0        0
        0        0        0        0        0        0        0        0        0        0        0        0        0        0        0        0
 
 ai_1
  4010101  4010102  4010103  4010104  4010105  4010106  4010107  4010108  4010109  4010110  4010111  4010112  4010101  4010102  4010103  4010104
  4010201  4010202  4010203  4010204  4010205  4010206  4010207  4010208  4010209  4010210  4010211  4010212  4010201  4010202  4010203  4010204
  4010301  4010302  4010303  4010304  4010305  4010306  4010307  4010308  4010309  4010310  4010311  4010312  4010301  4010302  4010303  4010304
  4010401  4010402  4010403  4010404  4010405  4010406  4010407  4010408  4010409  4010410  4010411  4010412  4010401  4010402  4010403  4010404
  4010501  4010502  4010503  4010504  4010505  4010506  4010507  4010508  4010509  4010510  4010511  4010512  4010501  4010502  4010503  4010504
  4010601  4010602  4010603  4010604  4010605  4010606  4010607  4010608  4010609  4010610  4010611  4010612  4010601  4010602  4010603  4010604
  4010701  4010702  4010703  4010704  4010705  4010706  4010707  4010708  4010709  4010710  4010711  4010712  4010701  4010702  4010703  4010704
  4010801  4010802  4010803  4010804  4010805  4010806  4010807  4010808  4010809  4010810  4010811  4010812  4010801  4010802  4010803  4010804
  4010901  4010902  4010903  4010904  4010905  4010906  4010907  4010908  4010909  4010910  4010911  4010912  4010901  4010902  4010903  4010904
  4011001  4011002  4011003  4011004  4011005  4011006  4011007  4011008  4011009  4011010  4011011  4011012  4011001  4011002  4011003  4011004
  4011101  4011102  4011103  4011104  4011105  4011106  4011107  4011108  4011109  4011110  4011111  4011112  4011101  4011102  4011103  4011104
  4011201  4011202  4011203  4011204  4011205  4011206  4011207  4011208  4011209  4011210  4011211  4011212  4011201  4011202  4011203  4011204
 
 li_1
  8020101  8020102  8020103  8020104  8020105  8020106  8020107  8020108  8020109  8020110  8020111  8020112  8020113  8020114  8020115  8020116
  8020201  8020202  8020203  8020204  8020205  8020206  8020207  8020208  8020209  8020210  8020211  8020212  8020213  8020214  8020215  8020216
  8020301  8020302  8020303  8020304  8020305  8020306  8020307  8020308  8020309  8020310  8020311  8020312  8020313  8020314  8020315  8020316
  8020401  8020402  8020403  8020404  8020405  8020406  8020407  8020408  8020409  8020410  8020411  8020412  8020413  8020414  8020415  8020416
  8020501  8020502  8020503  8020504  8020505  8020506  8020507  8020508  8020509  8020510  8020511  8020512  8020513  8020514  8020515  8020516
  8020601  8020602  8020603  8020604  8020605  8020606  8020607  8020608  8020609  8020610  8020611  8020612  8020613  8020614  8020615  8020616
  8020701  8020702  8020703  8020704  8020705  8020706  8020707  8020708  8020709  8020710  8020711  8020712  8020713  8020714  8020715  8020716
  8020801  8020802  8020803  8020804  8020805  8020806  8020807  8020808  8020809  8020810  8020811  8020812  8020813  8020814  8020815  8020816
  8020901  8020902  8020903  8020904  8020905  8020906  8020907  8020908  8020909  8020910  8020911  8020912  8020913  8020914  8020915  8020916
  8021001  8021002  8021003  8021004  8021005  8021006  8021007  8021008  8021009  8021010  8021011  8021012  8021013  8021014  8021015  8021016
  8021101  8021102  8021103  8021104  8021105  8021106  8021107  8021108  8021109  8021110  8021111  8021112  8021113  8021114  8021115  8021116
  8021201  8021202  8021203  8021204  8021205  8021206  8021207  8021208  8021209  8021210  8021211  8021212  8021213  8021214  8021215  8021216
 
 oi_1
        0        0        0        0        0        0        0        0        0        0        0        0        0        0        0        0
        0        0        0        0        0        0        0        0        0        0        0        0        0        0        0        0
        0        0        0        0        0        0        0        0        0        0        0        0        0        0        0        0
        0        0        0        0        0        0        0        0        0        0        0        0        0        0        0        0
        0        0        0        0        0        0        0        0        0        0        0        0        0        0        0        0
        0        0        0        0        0        0        0        0        0        0        0        0        0        0        0        0
        0        0        0        0        0        0        0        0        0        0        0        0        0        0        0        0
        0        0        0        0        0        0        0        0        0        0        0        0        0        0        0        0
        0        0        0        0        0        0        0        0        0        0        0        0        0        0        0        0
        0        0        0        0        0        0        0        0        0        0        0        0        0        0        0        0
        0        0        0        0        0        0        0        0        0        0        0        0        0        0        0        0
        0        0        0        0        0        0        0        0        0        0        0        0        0        0        0        0
 
 ai_1
        0        0        0        0        0        0        0        0        0        0        0        0        0        0        0        0
        0        0        0        0        0        0        0        0        0        0        0        0        0        0        0        0
        0        0        0        0        0        0        0        0        0        0        0        0        0        0        0        0
        0        0        0        0        0        0        0        0        0        0        0        0        0        0        0        0
        0        0        0        0        0        0        0        0        0        0        0        0        0        0        0        0
        0        0        0        0        0        0        0        0        0        0        0        0        0        0        0        0
        0        0        0        0        0        0        0        0        0        0        0        0        0        0        0        0
        0        0        0        0        0        0        0        0        0        0        0        0        0        0        0        0
        0        0        0        0        0        0        0        0        0        0        0        0        0        0        0        0
        0        0        0        0        0        0        0        0        0        0        0        0        0        0        0        0
        0        0        0        0        0        0        0        0        0        0        0        0        0        0        0        0
        0        0        0        0        0        0        0        0        0        0        0        0        0        0        0        0
 
 li_1
        0        0        0        0        0        0        0        0        0        0        0        0        0        0        0        0
        0        0        0        0        0        0        0        0        0        0        0        0        0        0        0        0
        0        0        0        0        0        0        0        0        0        0        0        0        0        0        0        0
        0        0        0        0        0        0        0        0        0        0        0        0        0        0        0        0
        0        0        0        0        0        0        0        0        0        0        0        0        0        0        0        0
        0        0        0        0        0        0        0        0        0        0        0        0        0        0        0        0
        0        0        0        0        0        0        0        0        0        0        0        0        0        0        0        0
        0        0        0        0        0        0        0        0        0        0        0        0        0        0        0        0
        0        0        0        0        0        0        0        0        0        0        0        0        0        0        0        0
        0        0        0        0        0        0        0        0        0        0        0        0        0        0        0        0
        0        0        0        0        0        0        0        0        0        0        0        0        0        0        0        0
        0        0        0        0        0        0        0        0        0        0        0        0        0        0        0        0
 
 oi_1
        0        0        0        0        0        0        0        0        0        0        0        0        0        0        0        0
        0        0        0        0        0        0        0        0        0        0        0        0        0        0        0        0
        0        0        0        0        0        0        0        0        0        0        0        0        0        0        0        0
        0        0        0        0        0        0        0        0        0        0        0        0        0        0        0        0
        0        0        0        0        0        0        0        0        0        0        0        0        0        0        0        0
        0        0        0        0        0        0        0        0        0        0        0        0        0        0        0        0
        0        0        0        0        0        0        0        0        0        0        0        0        0        0        0        0
        0        0        0        0        0        0        0        0        0        0        0        0        0        0        0        0
        0        0        0        0        0        0        0        0        0        0        0        0        0        0        0        0
        0        0        0        0        0        0        0        0        0        0        0        0        0        0        0        0
        0        0        0        0        0        0        0        0        0        0        0        0        0        0        0        0
        0        0        0        0        0        0        0        0        0        0        0        0        0        0        0        0
 
 ai_1
  5010101  5010102  5010103  5010104  5010105  5010106  5010107  5010108  5010109  5010110  5010111  5010112  5010101  5010102  5010103  5010104
  5010201  5010202  5010203  5010204  5010205  5010206  5010207  5010208  5010209  5010210  5010211  5010212  5010201  5010202  5010203  5010204
  5010301  5010302  5010303  5010304  5010305  5010306  5010307  5010308  5010309  5010310  5010311  5010312  5010301  5010302  5010303  5010304
  5010401  5010402  5010403  5010404  5010405  5010406  5010407  5010408  5010409  5010410  5010411  5010412  5010401  5010402  5010403  5010404
  5010501  5010502  5010503  5010504  5010505  5010506  5010507  5010508  5010509  5010510  5010511  5010512  5010501  5010502  5010503  5010504
  5010601  5010602  5010603  5010604  5010605  5010606  5010607  5010608  5010609  5010610  5010611  5010612  5010601  5010602  5010603  5010604
  5010701  5010702  5010703  5010704  5010705  5010706  5010707  5010708  5010709  5010710  5010711  5010712  5010701  5010702  5010703  5010704
  5010801  5010802  5010803  5010804  5010805  5010806  5010807  5010808  5010809  5010810  5010811  5010812  5010801  5010802  5010803  5010804
  5010901  5010902  5010903  5010904  5010905  5010906  5010907  5010908  5010909  5010910  5010911  5010912  5010901  5010902  5010903  5010904
  5011001  5011002  5011003  5011004  5011005  5011006  5011007  5011008  5011009  5011010  5011011  5011012  5011001  5011002  5011003  5011004
  5011101  5011102  5011103  5011104  5011105  5011106  5011107  5011108  5011109  5011110  5011111  5011112  5011101  5011102  5011103  5011104
  5011201  5011202  5011203  5011204  5011205  5011206  5011207  5011208  5011209  5011210  5011211  5011212  5011201  5011202  5011203  5011204
 
 li_1
 10020101 10020102 10020103 10020104 10020105 10020106 10020107 10020108 10020109 10020110 10020111 10020112 10020113 10020114 10020115 10020116
 10020201 10020202 10020203 10020204 10020205 10020206 10020207 10020208 10020209 10020210 10020211 10020212 10020213 10020214 10020215 10020216
 10020301 10020302 10020303 10020304 10020305 10020306 10020307 10020308 10020309 10020310 10020311 10020312 10020313 10020314 10020315 10020316
 10020401 10020402 10020403 10020404 10020405 10020406 10020407 10020408 10020409 10020410 10020411 10020412 10020413 10020414 10020415 10020416
 10020501 10020502 10020503 10020504 10020505 10020506 10020507 10020508 10020509 10020510 10020511 10020512 10020513 10020514 10020515 10020516
 10020601 10020602 10020603 10020604 10020605 10020606 10020607 10020608 10020609 10020610 10020611 10020612 10020613 10020614 10020615 10020616
 10020701 10020702 10020703 10020704 10020705 10020706 10020707 10020708 10020709 10020710 10020711 10020712 10020713 10020714 10020715 10020716
 10020801 10020802 10020803 10020804 10020805 10020806 10020807 10020808 10020809 10020810 10020811 10020812 10020813 10020814 10020815 10020816
 10020901 10020902 10020903 10020904 10020905 10020906 10020907 10020908 10020909 10020910 10020911 10020912 10020913 10020914 10020915 10020916
 10021001 10021002 10021003 10021004 10021005 10021006 10021007 10021008 10021009 10021010 10021011 10021012 10021013 10021014 10021015 10021016
 10021101 10021102 10021103 10021104 10021105 10021106 10021107 10021108 10021109 10021110 10021111 10021112 10021113 10021114 10021115 10021116
 10021201 10021202 10021203 10021204 10021205 10021206 10021207 10021208 10021209 10021210 10021211 10021212 10021213 10021214 10021215 10021216
 
 oi_1
        0        0        0        0        0        0        0        0        0        0        0        0        0        0        0        0
        0        0        0        0        0        0        0        0        0        0        0        0        0        0        0        0
        0        0        0        0        0        0        0        0        0        0        0        0        0        0        0        0
        0        0        0        0        0        0        0        0        0        0        0        0        0        0        0        0
        0        0        0        0        0        0        0        0        0        0        0        0        0        0        0        0
        0        0        0        0        0        0        0        0        0        0        0        0        0        0        0        0
        0        0        0        0        0        0        0        0        0        0        0        0        0        0        0        0
        0        0        0        0        0        0        0        0        0        0        0        0        0        0        0        0
        0        0        0        0        0        0        0        0        0        0        0        0        0        0        0        0
        0        0        0        0        0        0        0        0        0        0        0        0        0        0        0        0
        0        0        0        0        0        0        0        0        0        0        0        0        0        0        0        0
        0        0        0        0        0        0        0        0        0        0        0        0        0        0        0        0
 
 ai_1
        0        0        0        0        0        0        0        0        0        0        0        0        0        0        0        0
        0        0        0        0        0        0        0        0        0        0        0        0        0        0        0        0
        0        0        0        0        0        0        0        0        0        0        0        0        0        0        0        0
        0        0        0        0        0        0        0        0        0        0        0        0        0        0        0        0
        0        0        0        0        0        0        0        0        0        0        0        0        0        0        0        0
        0        0        0        0        0        0        0        0        0        0        0        0        0        0        0        0
        0        0        0        0        0        0        0        0        0        0        0        0        0        0        0        0
        0        0        0        0        0        0        0        0        0        0        0        0        0        0        0        0
        0        0        0        0        0        0        0        0        0        0        0        0        0        0        0        0
        0        0        0        0        0        0        0        0        0        0        0        0        0        0        0        0
        0        0        0        0        0        0        0        0        0        0        0        0        0        0        0        0
        0        0        0        0        0        0        0        0        0        0        0        0        0        0        0        0
 
 li_1
        0        0        0        0        0        0        0        0        0        0        0        0        0        0        0        0
        0        0        0        0        0        0        0        0        0        0        0        0        0        0        0        0
        0        0        0        0        0        0        0        0        0        0        0        0        0        0        0        0
        0        0        0        0        0        0        0        0        0        0        0        0        0        0        0        0
        0        0        0        0        0        0        0        0        0        0        0        0        0        0        0        0
        0        0        0        0        0        0        0        0        0        0        0        0        0        0        0        0
        0        0        0        0        0        0        0        0        0        0        0        0        0        0        0        0
        0        0        0        0        0        0        0        0        0        0        0        0        0        0        0        0
        0        0        0        0        0        0        0        0        0        0        0        0        0        0        0        0
        0        0        0        0        0        0        0        0        0        0        0        0        0        0        0        0
        0        0        0        0        0        0        0        0        0        0        0        0        0        0        0        0
        0        0        0        0        0        0        0        0        0        0        0        0        0        0        0        0
 
