        2004          12          31           0           0           0
           0
           0           0           0           0           0           0
           0
        2004          12          31           0           5           0
          60
        2004          12          31           0           4           0
          60
        2004          12          31           0           0           0
           0
           0           0           0           0           0           0
           0
        2004          12          31           0           5          30
          30
        2004          12          31           0           5           0
          30
        2004          12          31           0           0           0
           0
           0           0           0           0           0           0
           0
        2004          12          31           0           0           0
           0
           0           0           0           0           0           0
           0
        2004          12          31           0           0           0
           0
           0           0           0           0           0           0
           0
        2004          12          31           0           0           0
           0
           0           0           0           0           0           0
           0
        2004          12          31           0           0           0
           0
           0           0           0           0           0           0
           0
        2004          12          31           0           0           0
           0
           0           0           0           0           0           0
           0
 a_2d_1                          
        2004          12          31           0           5           0
           1
        1101
           3
           1
 a_2d_3                          
        2004          12          31           0           5           0
           1
        1103
           3
           1
 a_25d_2                         
        2004          12          31           0           5           0
           1
        1105
           3
           2
 a_3d_1                          
        2004          12          31           0           5           0
           1
        1106
           3
           1
 a_2d_1                          
        2004          12          31           0           4           0
           1
        1101
           3
           1
 a_2d_1__3_atm_1                 
        2004          12          31           0           6           0
           1
     3001101
           3
           1
 a_2d_2__3_atm_2                 
        2004          12          31           0           6           0
           1
     3001102
           3
           1
 a_25d_1__3_atm_4                
        2004          12          31           0           6           0
           1
     3001104
           3
           2
