        2004          12          31           0           0           0
           0
           0           0           0           0           0           0
           0
        2004          12          31           0           0           0
           0
           0           0           0           0           0           0
           0
        2004          12          31           0           0           0
           0
           0           0           0           0           0           0
           0
        2004          12          31           0           0           0
           0
           0           0           0           0           0           0
           0
        2004          12          31           0           0           0
           0
           0           0           0           0           0           0
           0
        2004          12          31           0           0           0
           0
           0           0           0           0           0           0
           0
        2004          12          31           0           0           0
           0
           0           0           0           0           0           0
           0
        2004          12          31           0           0           0
           0
           0           0           0           0           0           0
           0
        2004          12          31           0           0           0
           0
           0           0           0           0           0           0
           0
        2004          12          31           0          10           0
         120
        2004          12          31           0           8           0
         120
 chm_1                           
        2004          12          31           0          10           0
           5
        5101
           3
           1
 chm_1                           
        2004          12          31           0           8           0
           5
        5101
           3
           1
