 oi_1
  3030101  3030102  3030103  3030104  3030105  3030106  3030107  3030108  3030101  3030102  3030103  3030104  3030105  3030106  3030107  3030108
  3030201  3030202  3030203  3030204  3030205  3030206  3030207  3030208  3030201  3030202  3030203  3030204  3030205  3030206  3030207  3030208
  3030301  3030302  3030303  3030304  3030305  3030306  3030307  3030308  3030301  3030302  3030303  3030304  3030305  3030306  3030307  3030308
  3030401  3030402  3030403  3030404  3030405  3030406  3030407  3030408  3030401  3030402  3030403  3030404  3030405  3030406  3030407  3030408
  3030501  3030502  3030503  3030504  3030505  3030506  3030507  3030508  3030501  3030502  3030503  3030504  3030505  3030506  3030507  3030508
  3030601  3030602  3030603  3030604  3030605  3030606  3030607  3030608  3030601  3030602  3030603  3030604  3030605  3030606  3030607  3030608
  3030101  3030102  3030103  3030104  3030105  3030106  3030107  3030108  3030101  3030102  3030103  3030104  3030105  3030106  3030107  3030108
  3030201  3030202  3030203  3030204  3030205  3030206  3030207  3030208  3030201  3030202  3030203  3030204  3030205  3030206  3030207  3030208
  3030301  3030302  3030303  3030304  3030305  3030306  3030307  3030308  3030301  3030302  3030303  3030304  3030305  3030306  3030307  3030308
  3030401  3030402  3030403  3030404  3030405  3030406  3030407  3030408  3030401  3030402  3030403  3030404  3030405  3030406  3030407  3030408
  3030501  3030502  3030503  3030504  3030505  3030506  3030507  3030508  3030501  3030502  3030503  3030504  3030505  3030506  3030507  3030508
  3030601  3030602  3030603  3030604  3030605  3030606  3030607  3030608  3030601  3030602  3030603  3030604  3030605  3030606  3030607  3030608
 
 ai_1
  6010101  6010102  6010103  6010104  6010105  6010106  6010107  6010108  6010109  6010110  6010111  6010112  6010101  6010102  6010103  6010104
  6010201  6010202  6010203  6010204  6010205  6010206  6010207  6010208  6010209  6010210  6010211  6010212  6010201  6010202  6010203  6010204
  6010301  6010302  6010303  6010304  6010305  6010306  6010307  6010308  6010309  6010310  6010311  6010312  6010301  6010302  6010303  6010304
  6010401  6010402  6010403  6010404  6010405  6010406  6010407  6010408  6010409  6010410  6010411  6010412  6010401  6010402  6010403  6010404
  6010501  6010502  6010503  6010504  6010505  6010506  6010507  6010508  6010509  6010510  6010511  6010512  6010501  6010502  6010503  6010504
  6010601  6010602  6010603  6010604  6010605  6010606  6010607  6010608  6010609  6010610  6010611  6010612  6010601  6010602  6010603  6010604
  6010701  6010702  6010703  6010704  6010705  6010706  6010707  6010708  6010709  6010710  6010711  6010712  6010701  6010702  6010703  6010704
  6010801  6010802  6010803  6010804  6010805  6010806  6010807  6010808  6010809  6010810  6010811  6010812  6010801  6010802  6010803  6010804
  6010901  6010902  6010903  6010904  6010905  6010906  6010907  6010908  6010909  6010910  6010911  6010912  6010901  6010902  6010903  6010904
  6011001  6011002  6011003  6011004  6011005  6011006  6011007  6011008  6011009  6011010  6011011  6011012  6011001  6011002  6011003  6011004
  6011101  6011102  6011103  6011104  6011105  6011106  6011107  6011108  6011109  6011110  6011111  6011112  6011101  6011102  6011103  6011104
  6011201  6011202  6011203  6011204  6011205  6011206  6011207  6011208  6011209  6011210  6011211  6011212  6011201  6011202  6011203  6011204
 
 li_1
 12020101 12020102 12020103 12020104 12020105 12020106 12020107 12020108 12020109 12020110 12020111 12020112 12020113 12020114 12020115 12020116
 12020201 12020202 12020203 12020204 12020205 12020206 12020207 12020208 12020209 12020210 12020211 12020212 12020213 12020214 12020215 12020216
 12020301 12020302 12020303 12020304 12020305 12020306 12020307 12020308 12020309 12020310 12020311 12020312 12020313 12020314 12020315 12020316
 12020401 12020402 12020403 12020404 12020405 12020406 12020407 12020408 12020409 12020410 12020411 12020412 12020413 12020414 12020415 12020416
 12020501 12020502 12020503 12020504 12020505 12020506 12020507 12020508 12020509 12020510 12020511 12020512 12020513 12020514 12020515 12020516
 12020601 12020602 12020603 12020604 12020605 12020606 12020607 12020608 12020609 12020610 12020611 12020612 12020613 12020614 12020615 12020616
 12020701 12020702 12020703 12020704 12020705 12020706 12020707 12020708 12020709 12020710 12020711 12020712 12020713 12020714 12020715 12020716
 12020801 12020802 12020803 12020804 12020805 12020806 12020807 12020808 12020809 12020810 12020811 12020812 12020813 12020814 12020815 12020816
 12020901 12020902 12020903 12020904 12020905 12020906 12020907 12020908 12020909 12020910 12020911 12020912 12020913 12020914 12020915 12020916
 12021001 12021002 12021003 12021004 12021005 12021006 12021007 12021008 12021009 12021010 12021011 12021012 12021013 12021014 12021015 12021016
 12021101 12021102 12021103 12021104 12021105 12021106 12021107 12021108 12021109 12021110 12021111 12021112 12021113 12021114 12021115 12021116
 12021201 12021202 12021203 12021204 12021205 12021206 12021207 12021208 12021209 12021210 12021211 12021212 12021213 12021214 12021215 12021216
 
 oi_1
        0        0        0        0        0        0        0        0        0        0        0        0        0        0        0        0
        0        0        0        0        0        0        0        0        0        0        0        0        0        0        0        0
        0        0        0        0        0        0        0        0        0        0        0        0        0        0        0        0
        0        0        0        0        0        0        0        0        0        0        0        0        0        0        0        0
        0        0        0        0        0        0        0        0        0        0        0        0        0        0        0        0
        0        0        0        0        0        0        0        0        0        0        0        0        0        0        0        0
        0        0        0        0        0        0        0        0        0        0        0        0        0        0        0        0
        0        0        0        0        0        0        0        0        0        0        0        0        0        0        0        0
        0        0        0        0        0        0        0        0        0        0        0        0        0        0        0        0
        0        0        0        0        0        0        0        0        0        0        0        0        0        0        0        0
        0        0        0        0        0        0        0        0        0        0        0        0        0        0        0        0
        0        0        0        0        0        0        0        0        0        0        0        0        0        0        0        0
 
 ai_1
        0        0        0        0        0        0        0        0        0        0        0        0        0        0        0        0
        0        0        0        0        0        0        0        0        0        0        0        0        0        0        0        0
        0        0        0        0        0        0        0        0        0        0        0        0        0        0        0        0
        0        0        0        0        0        0        0        0        0        0        0        0        0        0        0        0
        0        0        0        0        0        0        0        0        0        0        0        0        0        0        0        0
        0        0        0        0        0        0        0        0        0        0        0        0        0        0        0        0
        0        0        0        0        0        0        0        0        0        0        0        0        0        0        0        0
        0        0        0        0        0        0        0        0        0        0        0        0        0        0        0        0
        0        0        0        0        0        0        0        0        0        0        0        0        0        0        0        0
        0        0        0        0        0        0        0        0        0        0        0        0        0        0        0        0
        0        0        0        0        0        0        0        0        0        0        0        0        0        0        0        0
        0        0        0        0        0        0        0        0        0        0        0        0        0        0        0        0
 
 li_1
        0        0        0        0        0        0        0        0        0        0        0        0        0        0        0        0
        0        0        0        0        0        0        0        0        0        0        0        0        0        0        0        0
        0        0        0        0        0        0        0        0        0        0        0        0        0        0        0        0
        0        0        0        0        0        0        0        0        0        0        0        0        0        0        0        0
        0        0        0        0        0        0        0        0        0        0        0        0        0        0        0        0
        0        0        0        0        0        0        0        0        0        0        0        0        0        0        0        0
        0        0        0        0        0        0        0        0        0        0        0        0        0        0        0        0
        0        0        0        0        0        0        0        0        0        0        0        0        0        0        0        0
        0        0        0        0        0        0        0        0        0        0        0        0        0        0        0        0
        0        0        0        0        0        0        0        0        0        0        0        0        0        0        0        0
        0        0        0        0        0        0        0        0        0        0        0        0        0        0        0        0
        0        0        0        0        0        0        0        0        0        0        0        0        0        0        0        0
 
 oi_1
        0        0        0        0        0        0        0        0        0        0        0        0        0        0        0        0
        0        0        0        0        0        0        0        0        0        0        0        0        0        0        0        0
        0        0        0        0        0        0        0        0        0        0        0        0        0        0        0        0
        0        0        0        0        0        0        0        0        0        0        0        0        0        0        0        0
        0        0        0        0        0        0        0        0        0        0        0        0        0        0        0        0
        0        0        0        0        0        0        0        0        0        0        0        0        0        0        0        0
        0        0        0        0        0        0        0        0        0        0        0        0        0        0        0        0
        0        0        0        0        0        0        0        0        0        0        0        0        0        0        0        0
        0        0        0        0        0        0        0        0        0        0        0        0        0        0        0        0
        0        0        0        0        0        0        0        0        0        0        0        0        0        0        0        0
        0        0        0        0        0        0        0        0        0        0        0        0        0        0        0        0
        0        0        0        0        0        0        0        0        0        0        0        0        0        0        0        0
 
 ai_1
  7010101  7010102  7010103  7010104  7010105  7010106  7010107  7010108  7010109  7010110  7010111  7010112  7010101  7010102  7010103  7010104
  7010201  7010202  7010203  7010204  7010205  7010206  7010207  7010208  7010209  7010210  7010211  7010212  7010201  7010202  7010203  7010204
  7010301  7010302  7010303  7010304  7010305  7010306  7010307  7010308  7010309  7010310  7010311  7010312  7010301  7010302  7010303  7010304
  7010401  7010402  7010403  7010404  7010405  7010406  7010407  7010408  7010409  7010410  7010411  7010412  7010401  7010402  7010403  7010404
  7010501  7010502  7010503  7010504  7010505  7010506  7010507  7010508  7010509  7010510  7010511  7010512  7010501  7010502  7010503  7010504
  7010601  7010602  7010603  7010604  7010605  7010606  7010607  7010608  7010609  7010610  7010611  7010612  7010601  7010602  7010603  7010604
  7010701  7010702  7010703  7010704  7010705  7010706  7010707  7010708  7010709  7010710  7010711  7010712  7010701  7010702  7010703  7010704
  7010801  7010802  7010803  7010804  7010805  7010806  7010807  7010808  7010809  7010810  7010811  7010812  7010801  7010802  7010803  7010804
  7010901  7010902  7010903  7010904  7010905  7010906  7010907  7010908  7010909  7010910  7010911  7010912  7010901  7010902  7010903  7010904
  7011001  7011002  7011003  7011004  7011005  7011006  7011007  7011008  7011009  7011010  7011011  7011012  7011001  7011002  7011003  7011004
  7011101  7011102  7011103  7011104  7011105  7011106  7011107  7011108  7011109  7011110  7011111  7011112  7011101  7011102  7011103  7011104
  7011201  7011202  7011203  7011204  7011205  7011206  7011207  7011208  7011209  7011210  7011211  7011212  7011201  7011202  7011203  7011204
 
 li_1
 14020101 14020102 14020103 14020104 14020105 14020106 14020107 14020108 14020109 14020110 14020111 14020112 14020113 14020114 14020115 14020116
 14020201 14020202 14020203 14020204 14020205 14020206 14020207 14020208 14020209 14020210 14020211 14020212 14020213 14020214 14020215 14020216
 14020301 14020302 14020303 14020304 14020305 14020306 14020307 14020308 14020309 14020310 14020311 14020312 14020313 14020314 14020315 14020316
 14020401 14020402 14020403 14020404 14020405 14020406 14020407 14020408 14020409 14020410 14020411 14020412 14020413 14020414 14020415 14020416
 14020501 14020502 14020503 14020504 14020505 14020506 14020507 14020508 14020509 14020510 14020511 14020512 14020513 14020514 14020515 14020516
 14020601 14020602 14020603 14020604 14020605 14020606 14020607 14020608 14020609 14020610 14020611 14020612 14020613 14020614 14020615 14020616
 14020701 14020702 14020703 14020704 14020705 14020706 14020707 14020708 14020709 14020710 14020711 14020712 14020713 14020714 14020715 14020716
 14020801 14020802 14020803 14020804 14020805 14020806 14020807 14020808 14020809 14020810 14020811 14020812 14020813 14020814 14020815 14020816
 14020901 14020902 14020903 14020904 14020905 14020906 14020907 14020908 14020909 14020910 14020911 14020912 14020913 14020914 14020915 14020916
 14021001 14021002 14021003 14021004 14021005 14021006 14021007 14021008 14021009 14021010 14021011 14021012 14021013 14021014 14021015 14021016
 14021101 14021102 14021103 14021104 14021105 14021106 14021107 14021108 14021109 14021110 14021111 14021112 14021113 14021114 14021115 14021116
 14021201 14021202 14021203 14021204 14021205 14021206 14021207 14021208 14021209 14021210 14021211 14021212 14021213 14021214 14021215 14021216
 
 oi_1
        0        0        0        0        0        0        0        0        0        0        0        0        0        0        0        0
        0        0        0        0        0        0        0        0        0        0        0        0        0        0        0        0
        0        0        0        0        0        0        0        0        0        0        0        0        0        0        0        0
        0        0        0        0        0        0        0        0        0        0        0        0        0        0        0        0
        0        0        0        0        0        0        0        0        0        0        0        0        0        0        0        0
        0        0        0        0        0        0        0        0        0        0        0        0        0        0        0        0
        0        0        0        0        0        0        0        0        0        0        0        0        0        0        0        0
        0        0        0        0        0        0        0        0        0        0        0        0        0        0        0        0
        0        0        0        0        0        0        0        0        0        0        0        0        0        0        0        0
        0        0        0        0        0        0        0        0        0        0        0        0        0        0        0        0
        0        0        0        0        0        0        0        0        0        0        0        0        0        0        0        0
        0        0        0        0        0        0        0        0        0        0        0        0        0        0        0        0
 
 ai_1
        0        0        0        0        0        0        0        0        0        0        0        0        0        0        0        0
        0        0        0        0        0        0        0        0        0        0        0        0        0        0        0        0
        0        0        0        0        0        0        0        0        0        0        0        0        0        0        0        0
        0        0        0        0        0        0        0        0        0        0        0        0        0        0        0        0
        0        0        0        0        0        0        0        0        0        0        0        0        0        0        0        0
        0        0        0        0        0        0        0        0        0        0        0        0        0        0        0        0
        0        0        0        0        0        0        0        0        0        0        0        0        0        0        0        0
        0        0        0        0        0        0        0        0        0        0        0        0        0        0        0        0
        0        0        0        0        0        0        0        0        0        0        0        0        0        0        0        0
        0        0        0        0        0        0        0        0        0        0        0        0        0        0        0        0
        0        0        0        0        0        0        0        0        0        0        0        0        0        0        0        0
        0        0        0        0        0        0        0        0        0        0        0        0        0        0        0        0
 
 li_1
        0        0        0        0        0        0        0        0        0        0        0        0        0        0        0        0
        0        0        0        0        0        0        0        0        0        0        0        0        0        0        0        0
        0        0        0        0        0        0        0        0        0        0        0        0        0        0        0        0
        0        0        0        0        0        0        0        0        0        0        0        0        0        0        0        0
        0        0        0        0        0        0        0        0        0        0        0        0        0        0        0        0
        0        0        0        0        0        0        0        0        0        0        0        0        0        0        0        0
        0        0        0        0        0        0        0        0        0        0        0        0        0        0        0        0
        0        0        0        0        0        0        0        0        0        0        0        0        0        0        0        0
        0        0        0        0        0        0        0        0        0        0        0        0        0        0        0        0
        0        0        0        0        0        0        0        0        0        0        0        0        0        0        0        0
        0        0        0        0        0        0        0        0        0        0        0        0        0        0        0        0
        0        0        0        0        0        0        0        0        0        0        0        0        0        0        0        0
 
 oi_1
        0        0        0        0        0        0        0        0        0        0        0        0        0        0        0        0
        0        0        0        0        0        0        0        0        0        0        0        0        0        0        0        0
        0        0        0        0        0        0        0        0        0        0        0        0        0        0        0        0
        0        0        0        0        0        0        0        0        0        0        0        0        0        0        0        0
        0        0        0        0        0        0        0        0        0        0        0        0        0        0        0        0
        0        0        0        0        0        0        0        0        0        0        0        0        0        0        0        0
        0        0        0        0        0        0        0        0        0        0        0        0        0        0        0        0
        0        0        0        0        0        0        0        0        0        0        0        0        0        0        0        0
        0        0        0        0        0        0        0        0        0        0        0        0        0        0        0        0
        0        0        0        0        0        0        0        0        0        0        0        0        0        0        0        0
        0        0        0        0        0        0        0        0        0        0        0        0        0        0        0        0
        0        0        0        0        0        0        0        0        0        0        0        0        0        0        0        0
 
 ai_1
  8010101  8010102  8010103  8010104  8010105  8010106  8010107  8010108  8010109  8010110  8010111  8010112  8010101  8010102  8010103  8010104
  8010201  8010202  8010203  8010204  8010205  8010206  8010207  8010208  8010209  8010210  8010211  8010212  8010201  8010202  8010203  8010204
  8010301  8010302  8010303  8010304  8010305  8010306  8010307  8010308  8010309  8010310  8010311  8010312  8010301  8010302  8010303  8010304
  8010401  8010402  8010403  8010404  8010405  8010406  8010407  8010408  8010409  8010410  8010411  8010412  8010401  8010402  8010403  8010404
  8010501  8010502  8010503  8010504  8010505  8010506  8010507  8010508  8010509  8010510  8010511  8010512  8010501  8010502  8010503  8010504
  8010601  8010602  8010603  8010604  8010605  8010606  8010607  8010608  8010609  8010610  8010611  8010612  8010601  8010602  8010603  8010604
  8010701  8010702  8010703  8010704  8010705  8010706  8010707  8010708  8010709  8010710  8010711  8010712  8010701  8010702  8010703  8010704
  8010801  8010802  8010803  8010804  8010805  8010806  8010807  8010808  8010809  8010810  8010811  8010812  8010801  8010802  8010803  8010804
  8010901  8010902  8010903  8010904  8010905  8010906  8010907  8010908  8010909  8010910  8010911  8010912  8010901  8010902  8010903  8010904
  8011001  8011002  8011003  8011004  8011005  8011006  8011007  8011008  8011009  8011010  8011011  8011012  8011001  8011002  8011003  8011004
  8011101  8011102  8011103  8011104  8011105  8011106  8011107  8011108  8011109  8011110  8011111  8011112  8011101  8011102  8011103  8011104
  8011201  8011202  8011203  8011204  8011205  8011206  8011207  8011208  8011209  8011210  8011211  8011212  8011201  8011202  8011203  8011204
 
 li_1
 16020101 16020102 16020103 16020104 16020105 16020106 16020107 16020108 16020109 16020110 16020111 16020112 16020113 16020114 16020115 16020116
 16020201 16020202 16020203 16020204 16020205 16020206 16020207 16020208 16020209 16020210 16020211 16020212 16020213 16020214 16020215 16020216
 16020301 16020302 16020303 16020304 16020305 16020306 16020307 16020308 16020309 16020310 16020311 16020312 16020313 16020314 16020315 16020316
 16020401 16020402 16020403 16020404 16020405 16020406 16020407 16020408 16020409 16020410 16020411 16020412 16020413 16020414 16020415 16020416
 16020501 16020502 16020503 16020504 16020505 16020506 16020507 16020508 16020509 16020510 16020511 16020512 16020513 16020514 16020515 16020516
 16020601 16020602 16020603 16020604 16020605 16020606 16020607 16020608 16020609 16020610 16020611 16020612 16020613 16020614 16020615 16020616
 16020701 16020702 16020703 16020704 16020705 16020706 16020707 16020708 16020709 16020710 16020711 16020712 16020713 16020714 16020715 16020716
 16020801 16020802 16020803 16020804 16020805 16020806 16020807 16020808 16020809 16020810 16020811 16020812 16020813 16020814 16020815 16020816
 16020901 16020902 16020903 16020904 16020905 16020906 16020907 16020908 16020909 16020910 16020911 16020912 16020913 16020914 16020915 16020916
 16021001 16021002 16021003 16021004 16021005 16021006 16021007 16021008 16021009 16021010 16021011 16021012 16021013 16021014 16021015 16021016
 16021101 16021102 16021103 16021104 16021105 16021106 16021107 16021108 16021109 16021110 16021111 16021112 16021113 16021114 16021115 16021116
 16021201 16021202 16021203 16021204 16021205 16021206 16021207 16021208 16021209 16021210 16021211 16021212 16021213 16021214 16021215 16021216
 
 oi_1
        0        0        0        0        0        0        0        0        0        0        0        0        0        0        0        0
        0        0        0        0        0        0        0        0        0        0        0        0        0        0        0        0
        0        0        0        0        0        0        0        0        0        0        0        0        0        0        0        0
        0        0        0        0        0        0        0        0        0        0        0        0        0        0        0        0
        0        0        0        0        0        0        0        0        0        0        0        0        0        0        0        0
        0        0        0        0        0        0        0        0        0        0        0        0        0        0        0        0
        0        0        0        0        0        0        0        0        0        0        0        0        0        0        0        0
        0        0        0        0        0        0        0        0        0        0        0        0        0        0        0        0
        0        0        0        0        0        0        0        0        0        0        0        0        0        0        0        0
        0        0        0        0        0        0        0        0        0        0        0        0        0        0        0        0
        0        0        0        0        0        0        0        0        0        0        0        0        0        0        0        0
        0        0        0        0        0        0        0        0        0        0        0        0        0        0        0        0
 
 ai_1
        0        0        0        0        0        0        0        0        0        0        0        0        0        0        0        0
        0        0        0        0        0        0        0        0        0        0        0        0        0        0        0        0
        0        0        0        0        0        0        0        0        0        0        0        0        0        0        0        0
        0        0        0        0        0        0        0        0        0        0        0        0        0        0        0        0
        0        0        0        0        0        0        0        0        0        0        0        0        0        0        0        0
        0        0        0        0        0        0        0        0        0        0        0        0        0        0        0        0
        0        0        0        0        0        0        0        0        0        0        0        0        0        0        0        0
        0        0        0        0        0        0        0        0        0        0        0        0        0        0        0        0
        0        0        0        0        0        0        0        0        0        0        0        0        0        0        0        0
        0        0        0        0        0        0        0        0        0        0        0        0        0        0        0        0
        0        0        0        0        0        0        0        0        0        0        0        0        0        0        0        0
        0        0        0        0        0        0        0        0        0        0        0        0        0        0        0        0
 
 li_1
        0        0        0        0        0        0        0        0        0        0        0        0        0        0        0        0
        0        0        0        0        0        0        0        0        0        0        0        0        0        0        0        0
        0        0        0        0        0        0        0        0        0        0        0        0        0        0        0        0
        0        0        0        0        0        0        0        0        0        0        0        0        0        0        0        0
        0        0        0        0        0        0        0        0        0        0        0        0        0        0        0        0
        0        0        0        0        0        0        0        0        0        0        0        0        0        0        0        0
        0        0        0        0        0        0        0        0        0        0        0        0        0        0        0        0
        0        0        0        0        0        0        0        0        0        0        0        0        0        0        0        0
        0        0        0        0        0        0        0        0        0        0        0        0        0        0        0        0
        0        0        0        0        0        0        0        0        0        0        0        0        0        0        0        0
        0        0        0        0        0        0        0        0        0        0        0        0        0        0        0        0
        0        0        0        0        0        0        0        0        0        0        0        0        0        0        0        0
 
 oi_1
  4030101  4030102  4030103  4030104  4030105  4030106  4030107  4030108  4030101  4030102  4030103  4030104  4030105  4030106  4030107  4030108
  4030201  4030202  4030203  4030204  4030205  4030206  4030207  4030208  4030201  4030202  4030203  4030204  4030205  4030206  4030207  4030208
  4030301  4030302  4030303  4030304  4030305  4030306  4030307  4030308  4030301  4030302  4030303  4030304  4030305  4030306  4030307  4030308
  4030401  4030402  4030403  4030404  4030405  4030406  4030407  4030408  4030401  4030402  4030403  4030404  4030405  4030406  4030407  4030408
  4030501  4030502  4030503  4030504  4030505  4030506  4030507  4030508  4030501  4030502  4030503  4030504  4030505  4030506  4030507  4030508
  4030601  4030602  4030603  4030604  4030605  4030606  4030607  4030608  4030601  4030602  4030603  4030604  4030605  4030606  4030607  4030608
  4030101  4030102  4030103  4030104  4030105  4030106  4030107  4030108  4030101  4030102  4030103  4030104  4030105  4030106  4030107  4030108
  4030201  4030202  4030203  4030204  4030205  4030206  4030207  4030208  4030201  4030202  4030203  4030204  4030205  4030206  4030207  4030208
  4030301  4030302  4030303  4030304  4030305  4030306  4030307  4030308  4030301  4030302  4030303  4030304  4030305  4030306  4030307  4030308
  4030401  4030402  4030403  4030404  4030405  4030406  4030407  4030408  4030401  4030402  4030403  4030404  4030405  4030406  4030407  4030408
  4030501  4030502  4030503  4030504  4030505  4030506  4030507  4030508  4030501  4030502  4030503  4030504  4030505  4030506  4030507  4030508
  4030601  4030602  4030603  4030604  4030605  4030606  4030607  4030608  4030601  4030602  4030603  4030604  4030605  4030606  4030607  4030608
 
 ai_1
  9010101  9010102  9010103  9010104  9010105  9010106  9010107  9010108  9010109  9010110  9010111  9010112  9010101  9010102  9010103  9010104
  9010201  9010202  9010203  9010204  9010205  9010206  9010207  9010208  9010209  9010210  9010211  9010212  9010201  9010202  9010203  9010204
  9010301  9010302  9010303  9010304  9010305  9010306  9010307  9010308  9010309  9010310  9010311  9010312  9010301  9010302  9010303  9010304
  9010401  9010402  9010403  9010404  9010405  9010406  9010407  9010408  9010409  9010410  9010411  9010412  9010401  9010402  9010403  9010404
  9010501  9010502  9010503  9010504  9010505  9010506  9010507  9010508  9010509  9010510  9010511  9010512  9010501  9010502  9010503  9010504
  9010601  9010602  9010603  9010604  9010605  9010606  9010607  9010608  9010609  9010610  9010611  9010612  9010601  9010602  9010603  9010604
  9010701  9010702  9010703  9010704  9010705  9010706  9010707  9010708  9010709  9010710  9010711  9010712  9010701  9010702  9010703  9010704
  9010801  9010802  9010803  9010804  9010805  9010806  9010807  9010808  9010809  9010810  9010811  9010812  9010801  9010802  9010803  9010804
  9010901  9010902  9010903  9010904  9010905  9010906  9010907  9010908  9010909  9010910  9010911  9010912  9010901  9010902  9010903  9010904
  9011001  9011002  9011003  9011004  9011005  9011006  9011007  9011008  9011009  9011010  9011011  9011012  9011001  9011002  9011003  9011004
  9011101  9011102  9011103  9011104  9011105  9011106  9011107  9011108  9011109  9011110  9011111  9011112  9011101  9011102  9011103  9011104
  9011201  9011202  9011203  9011204  9011205  9011206  9011207  9011208  9011209  9011210  9011211  9011212  9011201  9011202  9011203  9011204
 
 li_1
 18020101 18020102 18020103 18020104 18020105 18020106 18020107 18020108 18020109 18020110 18020111 18020112 18020113 18020114 18020115 18020116
 18020201 18020202 18020203 18020204 18020205 18020206 18020207 18020208 18020209 18020210 18020211 18020212 18020213 18020214 18020215 18020216
 18020301 18020302 18020303 18020304 18020305 18020306 18020307 18020308 18020309 18020310 18020311 18020312 18020313 18020314 18020315 18020316
 18020401 18020402 18020403 18020404 18020405 18020406 18020407 18020408 18020409 18020410 18020411 18020412 18020413 18020414 18020415 18020416
 18020501 18020502 18020503 18020504 18020505 18020506 18020507 18020508 18020509 18020510 18020511 18020512 18020513 18020514 18020515 18020516
 18020601 18020602 18020603 18020604 18020605 18020606 18020607 18020608 18020609 18020610 18020611 18020612 18020613 18020614 18020615 18020616
 18020701 18020702 18020703 18020704 18020705 18020706 18020707 18020708 18020709 18020710 18020711 18020712 18020713 18020714 18020715 18020716
 18020801 18020802 18020803 18020804 18020805 18020806 18020807 18020808 18020809 18020810 18020811 18020812 18020813 18020814 18020815 18020816
 18020901 18020902 18020903 18020904 18020905 18020906 18020907 18020908 18020909 18020910 18020911 18020912 18020913 18020914 18020915 18020916
 18021001 18021002 18021003 18021004 18021005 18021006 18021007 18021008 18021009 18021010 18021011 18021012 18021013 18021014 18021015 18021016
 18021101 18021102 18021103 18021104 18021105 18021106 18021107 18021108 18021109 18021110 18021111 18021112 18021113 18021114 18021115 18021116
 18021201 18021202 18021203 18021204 18021205 18021206 18021207 18021208 18021209 18021210 18021211 18021212 18021213 18021214 18021215 18021216
 
 oi_1
        0        0        0        0        0        0        0        0        0        0        0        0        0        0        0        0
        0        0        0        0        0        0        0        0        0        0        0        0        0        0        0        0
        0        0        0        0        0        0        0        0        0        0        0        0        0        0        0        0
        0        0        0        0        0        0        0        0        0        0        0        0        0        0        0        0
        0        0        0        0        0        0        0        0        0        0        0        0        0        0        0        0
        0        0        0        0        0        0        0        0        0        0        0        0        0        0        0        0
        0        0        0        0        0        0        0        0        0        0        0        0        0        0        0        0
        0        0        0        0        0        0        0        0        0        0        0        0        0        0        0        0
        0        0        0        0        0        0        0        0        0        0        0        0        0        0        0        0
        0        0        0        0        0        0        0        0        0        0        0        0        0        0        0        0
        0        0        0        0        0        0        0        0        0        0        0        0        0        0        0        0
        0        0        0        0        0        0        0        0        0        0        0        0        0        0        0        0
 
 ai_1
        0        0        0        0        0        0        0        0        0        0        0        0        0        0        0        0
        0        0        0        0        0        0        0        0        0        0        0        0        0        0        0        0
        0        0        0        0        0        0        0        0        0        0        0        0        0        0        0        0
        0        0        0        0        0        0        0        0        0        0        0        0        0        0        0        0
        0        0        0        0        0        0        0        0        0        0        0        0        0        0        0        0
        0        0        0        0        0        0        0        0        0        0        0        0        0        0        0        0
        0        0        0        0        0        0        0        0        0        0        0        0        0        0        0        0
        0        0        0        0        0        0        0        0        0        0        0        0        0        0        0        0
        0        0        0        0        0        0        0        0        0        0        0        0        0        0        0        0
        0        0        0        0        0        0        0        0        0        0        0        0        0        0        0        0
        0        0        0        0        0        0        0        0        0        0        0        0        0        0        0        0
        0        0        0        0        0        0        0        0        0        0        0        0        0        0        0        0
 
 li_1
        0        0        0        0        0        0        0        0        0        0        0        0        0        0        0        0
        0        0        0        0        0        0        0        0        0        0        0        0        0        0        0        0
        0        0        0        0        0        0        0        0        0        0        0        0        0        0        0        0
        0        0        0        0        0        0        0        0        0        0        0        0        0        0        0        0
        0        0        0        0        0        0        0        0        0        0        0        0        0        0        0        0
        0        0        0        0        0        0        0        0        0        0        0        0        0        0        0        0
        0        0        0        0        0        0        0        0        0        0        0        0        0        0        0        0
        0        0        0        0        0        0        0        0        0        0        0        0        0        0        0        0
        0        0        0        0        0        0        0        0        0        0        0        0        0        0        0        0
        0        0        0        0        0        0        0        0        0        0        0        0        0        0        0        0
        0        0        0        0        0        0        0        0        0        0        0        0        0        0        0        0
        0        0        0        0        0        0        0        0        0        0        0        0        0        0        0        0
 
 oi_1
        0        0        0        0        0        0        0        0        0        0        0        0        0        0        0        0
        0        0        0        0        0        0        0        0        0        0        0        0        0        0        0        0
        0        0        0        0        0        0        0        0        0        0        0        0        0        0        0        0
        0        0        0        0        0        0        0        0        0        0        0        0        0        0        0        0
        0        0        0        0        0        0        0        0        0        0        0        0        0        0        0        0
        0        0        0        0        0        0        0        0        0        0        0        0        0        0        0        0
        0        0        0        0        0        0        0        0        0        0        0        0        0        0        0        0
        0        0        0        0        0        0        0        0        0        0        0        0        0        0        0        0
        0        0        0        0        0        0        0        0        0        0        0        0        0        0        0        0
        0        0        0        0        0        0        0        0        0        0        0        0        0        0        0        0
        0        0        0        0        0        0        0        0        0        0        0        0        0        0        0        0
        0        0        0        0        0        0        0        0        0        0        0        0        0        0        0        0
 
 ai_1
 10010101 10010102 10010103 10010104 10010105 10010106 10010107 10010108 10010109 10010110 10010111 10010112 10010101 10010102 10010103 10010104
 10010201 10010202 10010203 10010204 10010205 10010206 10010207 10010208 10010209 10010210 10010211 10010212 10010201 10010202 10010203 10010204
 10010301 10010302 10010303 10010304 10010305 10010306 10010307 10010308 10010309 10010310 10010311 10010312 10010301 10010302 10010303 10010304
 10010401 10010402 10010403 10010404 10010405 10010406 10010407 10010408 10010409 10010410 10010411 10010412 10010401 10010402 10010403 10010404
 10010501 10010502 10010503 10010504 10010505 10010506 10010507 10010508 10010509 10010510 10010511 10010512 10010501 10010502 10010503 10010504
 10010601 10010602 10010603 10010604 10010605 10010606 10010607 10010608 10010609 10010610 10010611 10010612 10010601 10010602 10010603 10010604
 10010701 10010702 10010703 10010704 10010705 10010706 10010707 10010708 10010709 10010710 10010711 10010712 10010701 10010702 10010703 10010704
 10010801 10010802 10010803 10010804 10010805 10010806 10010807 10010808 10010809 10010810 10010811 10010812 10010801 10010802 10010803 10010804
 10010901 10010902 10010903 10010904 10010905 10010906 10010907 10010908 10010909 10010910 10010911 10010912 10010901 10010902 10010903 10010904
 10011001 10011002 10011003 10011004 10011005 10011006 10011007 10011008 10011009 10011010 10011011 10011012 10011001 10011002 10011003 10011004
 10011101 10011102 10011103 10011104 10011105 10011106 10011107 10011108 10011109 10011110 10011111 10011112 10011101 10011102 10011103 10011104
 10011201 10011202 10011203 10011204 10011205 10011206 10011207 10011208 10011209 10011210 10011211 10011212 10011201 10011202 10011203 10011204
 
 li_1
 20020101 20020102 20020103 20020104 20020105 20020106 20020107 20020108 20020109 20020110 20020111 20020112 20020113 20020114 20020115 20020116
 20020201 20020202 20020203 20020204 20020205 20020206 20020207 20020208 20020209 20020210 20020211 20020212 20020213 20020214 20020215 20020216
 20020301 20020302 20020303 20020304 20020305 20020306 20020307 20020308 20020309 20020310 20020311 20020312 20020313 20020314 20020315 20020316
 20020401 20020402 20020403 20020404 20020405 20020406 20020407 20020408 20020409 20020410 20020411 20020412 20020413 20020414 20020415 20020416
 20020501 20020502 20020503 20020504 20020505 20020506 20020507 20020508 20020509 20020510 20020511 20020512 20020513 20020514 20020515 20020516
 20020601 20020602 20020603 20020604 20020605 20020606 20020607 20020608 20020609 20020610 20020611 20020612 20020613 20020614 20020615 20020616
 20020701 20020702 20020703 20020704 20020705 20020706 20020707 20020708 20020709 20020710 20020711 20020712 20020713 20020714 20020715 20020716
 20020801 20020802 20020803 20020804 20020805 20020806 20020807 20020808 20020809 20020810 20020811 20020812 20020813 20020814 20020815 20020816
 20020901 20020902 20020903 20020904 20020905 20020906 20020907 20020908 20020909 20020910 20020911 20020912 20020913 20020914 20020915 20020916
 20021001 20021002 20021003 20021004 20021005 20021006 20021007 20021008 20021009 20021010 20021011 20021012 20021013 20021014 20021015 20021016
 20021101 20021102 20021103 20021104 20021105 20021106 20021107 20021108 20021109 20021110 20021111 20021112 20021113 20021114 20021115 20021116
 20021201 20021202 20021203 20021204 20021205 20021206 20021207 20021208 20021209 20021210 20021211 20021212 20021213 20021214 20021215 20021216
 
 oi_1
        0        0        0        0        0        0        0        0        0        0        0        0        0        0        0        0
        0        0        0        0        0        0        0        0        0        0        0        0        0        0        0        0
        0        0        0        0        0        0        0        0        0        0        0        0        0        0        0        0
        0        0        0        0        0        0        0        0        0        0        0        0        0        0        0        0
        0        0        0        0        0        0        0        0        0        0        0        0        0        0        0        0
        0        0        0        0        0        0        0        0        0        0        0        0        0        0        0        0
        0        0        0        0        0        0        0        0        0        0        0        0        0        0        0        0
        0        0        0        0        0        0        0        0        0        0        0        0        0        0        0        0
        0        0        0        0        0        0        0        0        0        0        0        0        0        0        0        0
        0        0        0        0        0        0        0        0        0        0        0        0        0        0        0        0
        0        0        0        0        0        0        0        0        0        0        0        0        0        0        0        0
        0        0        0        0        0        0        0        0        0        0        0        0        0        0        0        0
 
 ai_1
        0        0        0        0        0        0        0        0        0        0        0        0        0        0        0        0
        0        0        0        0        0        0        0        0        0        0        0        0        0        0        0        0
        0        0        0        0        0        0        0        0        0        0        0        0        0        0        0        0
        0        0        0        0        0        0        0        0        0        0        0        0        0        0        0        0
        0        0        0        0        0        0        0        0        0        0        0        0        0        0        0        0
        0        0        0        0        0        0        0        0        0        0        0        0        0        0        0        0
        0        0        0        0        0        0        0        0        0        0        0        0        0        0        0        0
        0        0        0        0        0        0        0        0        0        0        0        0        0        0        0        0
        0        0        0        0        0        0        0        0        0        0        0        0        0        0        0        0
        0        0        0        0        0        0        0        0        0        0        0        0        0        0        0        0
        0        0        0        0        0        0        0        0        0        0        0        0        0        0        0        0
        0        0        0        0        0        0        0        0        0        0        0        0        0        0        0        0
 
 li_1
        0        0        0        0        0        0        0        0        0        0        0        0        0        0        0        0
        0        0        0        0        0        0        0        0        0        0        0        0        0        0        0        0
        0        0        0        0        0        0        0        0        0        0        0        0        0        0        0        0
        0        0        0        0        0        0        0        0        0        0        0        0        0        0        0        0
        0        0        0        0        0        0        0        0        0        0        0        0        0        0        0        0
        0        0        0        0        0        0        0        0        0        0        0        0        0        0        0        0
        0        0        0        0        0        0        0        0        0        0        0        0        0        0        0        0
        0        0        0        0        0        0        0        0        0        0        0        0        0        0        0        0
        0        0        0        0        0        0        0        0        0        0        0        0        0        0        0        0
        0        0        0        0        0        0        0        0        0        0        0        0        0        0        0        0
        0        0        0        0        0        0        0        0        0        0        0        0        0        0        0        0
        0        0        0        0        0        0        0        0        0        0        0        0        0        0        0        0
 
 oi_1
        0        0        0        0        0        0        0        0        0        0        0        0        0        0        0        0
        0        0        0        0        0        0        0        0        0        0        0        0        0        0        0        0
        0        0        0        0        0        0        0        0        0        0        0        0        0        0        0        0
        0        0        0        0        0        0        0        0        0        0        0        0        0        0        0        0
        0        0        0        0        0        0        0        0        0        0        0        0        0        0        0        0
        0        0        0        0        0        0        0        0        0        0        0        0        0        0        0        0
        0        0        0        0        0        0        0        0        0        0        0        0        0        0        0        0
        0        0        0        0        0        0        0        0        0        0        0        0        0        0        0        0
        0        0        0        0        0        0        0        0        0        0        0        0        0        0        0        0
        0        0        0        0        0        0        0        0        0        0        0        0        0        0        0        0
        0        0        0        0        0        0        0        0        0        0        0        0        0        0        0        0
        0        0        0        0        0        0        0        0        0        0        0        0        0        0        0        0
 
 ai_1
 11010101 11010102 11010103 11010104 11010105 11010106 11010107 11010108 11010109 11010110 11010111 11010112 11010101 11010102 11010103 11010104
 11010201 11010202 11010203 11010204 11010205 11010206 11010207 11010208 11010209 11010210 11010211 11010212 11010201 11010202 11010203 11010204
 11010301 11010302 11010303 11010304 11010305 11010306 11010307 11010308 11010309 11010310 11010311 11010312 11010301 11010302 11010303 11010304
 11010401 11010402 11010403 11010404 11010405 11010406 11010407 11010408 11010409 11010410 11010411 11010412 11010401 11010402 11010403 11010404
 11010501 11010502 11010503 11010504 11010505 11010506 11010507 11010508 11010509 11010510 11010511 11010512 11010501 11010502 11010503 11010504
 11010601 11010602 11010603 11010604 11010605 11010606 11010607 11010608 11010609 11010610 11010611 11010612 11010601 11010602 11010603 11010604
 11010701 11010702 11010703 11010704 11010705 11010706 11010707 11010708 11010709 11010710 11010711 11010712 11010701 11010702 11010703 11010704
 11010801 11010802 11010803 11010804 11010805 11010806 11010807 11010808 11010809 11010810 11010811 11010812 11010801 11010802 11010803 11010804
 11010901 11010902 11010903 11010904 11010905 11010906 11010907 11010908 11010909 11010910 11010911 11010912 11010901 11010902 11010903 11010904
 11011001 11011002 11011003 11011004 11011005 11011006 11011007 11011008 11011009 11011010 11011011 11011012 11011001 11011002 11011003 11011004
 11011101 11011102 11011103 11011104 11011105 11011106 11011107 11011108 11011109 11011110 11011111 11011112 11011101 11011102 11011103 11011104
 11011201 11011202 11011203 11011204 11011205 11011206 11011207 11011208 11011209 11011210 11011211 11011212 11011201 11011202 11011203 11011204
 
 li_1
 22020101 22020102 22020103 22020104 22020105 22020106 22020107 22020108 22020109 22020110 22020111 22020112 22020113 22020114 22020115 22020116
 22020201 22020202 22020203 22020204 22020205 22020206 22020207 22020208 22020209 22020210 22020211 22020212 22020213 22020214 22020215 22020216
 22020301 22020302 22020303 22020304 22020305 22020306 22020307 22020308 22020309 22020310 22020311 22020312 22020313 22020314 22020315 22020316
 22020401 22020402 22020403 22020404 22020405 22020406 22020407 22020408 22020409 22020410 22020411 22020412 22020413 22020414 22020415 22020416
 22020501 22020502 22020503 22020504 22020505 22020506 22020507 22020508 22020509 22020510 22020511 22020512 22020513 22020514 22020515 22020516
 22020601 22020602 22020603 22020604 22020605 22020606 22020607 22020608 22020609 22020610 22020611 22020612 22020613 22020614 22020615 22020616
 22020701 22020702 22020703 22020704 22020705 22020706 22020707 22020708 22020709 22020710 22020711 22020712 22020713 22020714 22020715 22020716
 22020801 22020802 22020803 22020804 22020805 22020806 22020807 22020808 22020809 22020810 22020811 22020812 22020813 22020814 22020815 22020816
 22020901 22020902 22020903 22020904 22020905 22020906 22020907 22020908 22020909 22020910 22020911 22020912 22020913 22020914 22020915 22020916
 22021001 22021002 22021003 22021004 22021005 22021006 22021007 22021008 22021009 22021010 22021011 22021012 22021013 22021014 22021015 22021016
 22021101 22021102 22021103 22021104 22021105 22021106 22021107 22021108 22021109 22021110 22021111 22021112 22021113 22021114 22021115 22021116
 22021201 22021202 22021203 22021204 22021205 22021206 22021207 22021208 22021209 22021210 22021211 22021212 22021213 22021214 22021215 22021216
 
 oi_1
        0        0        0        0        0        0        0        0        0        0        0        0        0        0        0        0
        0        0        0        0        0        0        0        0        0        0        0        0        0        0        0        0
        0        0        0        0        0        0        0        0        0        0        0        0        0        0        0        0
        0        0        0        0        0        0        0        0        0        0        0        0        0        0        0        0
        0        0        0        0        0        0        0        0        0        0        0        0        0        0        0        0
        0        0        0        0        0        0        0        0        0        0        0        0        0        0        0        0
        0        0        0        0        0        0        0        0        0        0        0        0        0        0        0        0
        0        0        0        0        0        0        0        0        0        0        0        0        0        0        0        0
        0        0        0        0        0        0        0        0        0        0        0        0        0        0        0        0
        0        0        0        0        0        0        0        0        0        0        0        0        0        0        0        0
        0        0        0        0        0        0        0        0        0        0        0        0        0        0        0        0
        0        0        0        0        0        0        0        0        0        0        0        0        0        0        0        0
 
 ai_1
        0        0        0        0        0        0        0        0        0        0        0        0        0        0        0        0
        0        0        0        0        0        0        0        0        0        0        0        0        0        0        0        0
        0        0        0        0        0        0        0        0        0        0        0        0        0        0        0        0
        0        0        0        0        0        0        0        0        0        0        0        0        0        0        0        0
        0        0        0        0        0        0        0        0        0        0        0        0        0        0        0        0
        0        0        0        0        0        0        0        0        0        0        0        0        0        0        0        0
        0        0        0        0        0        0        0        0        0        0        0        0        0        0        0        0
        0        0        0        0        0        0        0        0        0        0        0        0        0        0        0        0
        0        0        0        0        0        0        0        0        0        0        0        0        0        0        0        0
        0        0        0        0        0        0        0        0        0        0        0        0        0        0        0        0
        0        0        0        0        0        0        0        0        0        0        0        0        0        0        0        0
        0        0        0        0        0        0        0        0        0        0        0        0        0        0        0        0
 
 li_1
        0        0        0        0        0        0        0        0        0        0        0        0        0        0        0        0
        0        0        0        0        0        0        0        0        0        0        0        0        0        0        0        0
        0        0        0        0        0        0        0        0        0        0        0        0        0        0        0        0
        0        0        0        0        0        0        0        0        0        0        0        0        0        0        0        0
        0        0        0        0        0        0        0        0        0        0        0        0        0        0        0        0
        0        0        0        0        0        0        0        0        0        0        0        0        0        0        0        0
        0        0        0        0        0        0        0        0        0        0        0        0        0        0        0        0
        0        0        0        0        0        0        0        0        0        0        0        0        0        0        0        0
        0        0        0        0        0        0        0        0        0        0        0        0        0        0        0        0
        0        0        0        0        0        0        0        0        0        0        0        0        0        0        0        0
        0        0        0        0        0        0        0        0        0        0        0        0        0        0        0        0
        0        0        0        0        0        0        0        0        0        0        0        0        0        0        0        0
 
