 atm_1
  6010101  6010102  6010103  6010104  6010105  6010106  6010107  6010108  6010109  6010110  6010111  6010112
  6010201  6010202  6010203  6010204  6010205  6010206  6010207  6010208  6010209  6010210  6010211  6010212
  6010301  6010302  6010303  6010304  6010305  6010306  6010307  6010308  6010309  6010310  6010311  6010312
  6010401  6010402  6010403  6010404  6010405  6010406  6010407  6010408  6010409  6010410  6010411  6010412
  6010501  6010502  6010503  6010504  6010505  6010506  6010507  6010508  6010509  6010510  6010511  6010512
  6010601  6010602  6010603  6010604  6010605  6010606  6010607  6010608  6010609  6010610  6010611  6010612
  6010701  6010702  6010703  6010704  6010705  6010706  6010707  6010708  6010709  6010710  6010711  6010712
  6010801  6010802  6010803  6010804  6010805  6010806  6010807  6010808  6010809  6010810  6010811  6010812
  6010901  6010902  6010903  6010904  6010905  6010906  6010907  6010908  6010909  6010910  6010911  6010912
  6011001  6011002  6011003  6011004  6011005  6011006  6011007  6011008  6011009  6011010  6011011  6011012
  6011101  6011102  6011103  6011104  6011105  6011106  6011107  6011108  6011109  6011110  6011111  6011112
  6011201  6011202  6011203  6011204  6011205  6011206  6011207  6011208  6011209  6011210  6011211  6011212
  6011301  6011302  6011303  6011304  6011305  6011306  6011307  6011308  6011309  6011310  6011311  6011312
  6011401  6011402  6011403  6011404  6011405  6011406  6011407  6011408  6011409  6011410  6011411  6011412
  6011501  6011502  6011503  6011504  6011505  6011506  6011507  6011508  6011509  6011510  6011511  6011512
 
  6010101  6010102  6010103  6010104  6010105  6010106  6010107  6010108  6010109  6010110  6010111  6010112
  6010201  6010202  6010203  6010204  6010205  6010206  6010207  6010208  6010209  6010210  6010211  6010212
  6010301  6010302  6010303  6010304  6010305  6010306  6010307  6010308  6010309  6010310  6010311  6010312
  6010401  6010402  6010403  6010404  6010405  6010406  6010407  6010408  6010409  6010410  6010411  6010412
  6010501  6010502  6010503  6010504  6010505  6010506  6010507  6010508  6010509  6010510  6010511  6010512
  6010601  6010602  6010603  6010604  6010605  6010606  6010607  6010608  6010609  6010610  6010611  6010612
  6010701  6010702  6010703  6010704  6010705  6010706  6010707  6010708  6010709  6010710  6010711  6010712
  6010801  6010802  6010803  6010804  6010805  6010806  6010807  6010808  6010809  6010810  6010811  6010812
  6010901  6010902  6010903  6010904  6010905  6010906  6010907  6010908  6010909  6010910  6010911  6010912
  6011001  6011002  6011003  6011004  6011005  6011006  6011007  6011008  6011009  6011010  6011011  6011012
  6011101  6011102  6011103  6011104  6011105  6011106  6011107  6011108  6011109  6011110  6011111  6011112
  6011201  6011202  6011203  6011204  6011205  6011206  6011207  6011208  6011209  6011210  6011211  6011212
  6011301  6011302  6011303  6011304  6011305  6011306  6011307  6011308  6011309  6011310  6011311  6011312
  6011401  6011402  6011403  6011404  6011405  6011406  6011407  6011408  6011409  6011410  6011411  6011412
  6011501  6011502  6011503  6011504  6011505  6011506  6011507  6011508  6011509  6011510  6011511  6011512
 
  6010101  6010102  6010103  6010104  6010105  6010106  6010107  6010108  6010109  6010110  6010111  6010112
  6010201  6010202  6010203  6010204  6010205  6010206  6010207  6010208  6010209  6010210  6010211  6010212
  6010301  6010302  6010303  6010304  6010305  6010306  6010307  6010308  6010309  6010310  6010311  6010312
  6010401  6010402  6010403  6010404  6010405  6010406  6010407  6010408  6010409  6010410  6010411  6010412
  6010501  6010502  6010503  6010504  6010505  6010506  6010507  6010508  6010509  6010510  6010511  6010512
  6010601  6010602  6010603  6010604  6010605  6010606  6010607  6010608  6010609  6010610  6010611  6010612
  6010701  6010702  6010703  6010704  6010705  6010706  6010707  6010708  6010709  6010710  6010711  6010712
  6010801  6010802  6010803  6010804  6010805  6010806  6010807  6010808  6010809  6010810  6010811  6010812
  6010901  6010902  6010903  6010904  6010905  6010906  6010907  6010908  6010909  6010910  6010911  6010912
  6011001  6011002  6011003  6011004  6011005  6011006  6011007  6011008  6011009  6011010  6011011  6011012
  6011101  6011102  6011103  6011104  6011105  6011106  6011107  6011108  6011109  6011110  6011111  6011112
  6011201  6011202  6011203  6011204  6011205  6011206  6011207  6011208  6011209  6011210  6011211  6011212
  6011301  6011302  6011303  6011304  6011305  6011306  6011307  6011308  6011309  6011310  6011311  6011312
  6011401  6011402  6011403  6011404  6011405  6011406  6011407  6011408  6011409  6011410  6011411  6011412
  6011501  6011502  6011503  6011504  6011505  6011506  6011507  6011508  6011509  6011510  6011511  6011512
 
  6010101  6010102  6010103  6010104  6010105  6010106  6010107  6010108  6010109  6010110  6010111  6010112
  6010201  6010202  6010203  6010204  6010205  6010206  6010207  6010208  6010209  6010210  6010211  6010212
  6010301  6010302  6010303  6010304  6010305  6010306  6010307  6010308  6010309  6010310  6010311  6010312
  6010401  6010402  6010403  6010404  6010405  6010406  6010407  6010408  6010409  6010410  6010411  6010412
  6010501  6010502  6010503  6010504  6010505  6010506  6010507  6010508  6010509  6010510  6010511  6010512
  6010601  6010602  6010603  6010604  6010605  6010606  6010607  6010608  6010609  6010610  6010611  6010612
  6010701  6010702  6010703  6010704  6010705  6010706  6010707  6010708  6010709  6010710  6010711  6010712
  6010801  6010802  6010803  6010804  6010805  6010806  6010807  6010808  6010809  6010810  6010811  6010812
  6010901  6010902  6010903  6010904  6010905  6010906  6010907  6010908  6010909  6010910  6010911  6010912
  6011001  6011002  6011003  6011004  6011005  6011006  6011007  6011008  6011009  6011010  6011011  6011012
  6011101  6011102  6011103  6011104  6011105  6011106  6011107  6011108  6011109  6011110  6011111  6011112
  6011201  6011202  6011203  6011204  6011205  6011206  6011207  6011208  6011209  6011210  6011211  6011212
  6011301  6011302  6011303  6011304  6011305  6011306  6011307  6011308  6011309  6011310  6011311  6011312
  6011401  6011402  6011403  6011404  6011405  6011406  6011407  6011408  6011409  6011410  6011411  6011412
  6011501  6011502  6011503  6011504  6011505  6011506  6011507  6011508  6011509  6011510  6011511  6011512
 
  6010101  6010102  6010103  6010104  6010105  6010106  6010107  6010108  6010109  6010110  6010111  6010112
  6010201  6010202  6010203  6010204  6010205  6010206  6010207  6010208  6010209  6010210  6010211  6010212
  6010301  6010302  6010303  6010304  6010305  6010306  6010307  6010308  6010309  6010310  6010311  6010312
  6010401  6010402  6010403  6010404  6010405  6010406  6010407  6010408  6010409  6010410  6010411  6010412
  6010501  6010502  6010503  6010504  6010505  6010506  6010507  6010508  6010509  6010510  6010511  6010512
  6010601  6010602  6010603  6010604  6010605  6010606  6010607  6010608  6010609  6010610  6010611  6010612
  6010701  6010702  6010703  6010704  6010705  6010706  6010707  6010708  6010709  6010710  6010711  6010712
  6010801  6010802  6010803  6010804  6010805  6010806  6010807  6010808  6010809  6010810  6010811  6010812
  6010901  6010902  6010903  6010904  6010905  6010906  6010907  6010908  6010909  6010910  6010911  6010912
  6011001  6011002  6011003  6011004  6011005  6011006  6011007  6011008  6011009  6011010  6011011  6011012
  6011101  6011102  6011103  6011104  6011105  6011106  6011107  6011108  6011109  6011110  6011111  6011112
  6011201  6011202  6011203  6011204  6011205  6011206  6011207  6011208  6011209  6011210  6011211  6011212
  6011301  6011302  6011303  6011304  6011305  6011306  6011307  6011308  6011309  6011310  6011311  6011312
  6011401  6011402  6011403  6011404  6011405  6011406  6011407  6011408  6011409  6011410  6011411  6011412
  6011501  6011502  6011503  6011504  6011505  6011506  6011507  6011508  6011509  6011510  6011511  6011512
 
  6010101  6010102  6010103  6010104  6010105  6010106  6010107  6010108  6010109  6010110  6010111  6010112
  6010201  6010202  6010203  6010204  6010205  6010206  6010207  6010208  6010209  6010210  6010211  6010212
  6010301  6010302  6010303  6010304  6010305  6010306  6010307  6010308  6010309  6010310  6010311  6010312
  6010401  6010402  6010403  6010404  6010405  6010406  6010407  6010408  6010409  6010410  6010411  6010412
  6010501  6010502  6010503  6010504  6010505  6010506  6010507  6010508  6010509  6010510  6010511  6010512
  6010601  6010602  6010603  6010604  6010605  6010606  6010607  6010608  6010609  6010610  6010611  6010612
  6010701  6010702  6010703  6010704  6010705  6010706  6010707  6010708  6010709  6010710  6010711  6010712
  6010801  6010802  6010803  6010804  6010805  6010806  6010807  6010808  6010809  6010810  6010811  6010812
  6010901  6010902  6010903  6010904  6010905  6010906  6010907  6010908  6010909  6010910  6010911  6010912
  6011001  6011002  6011003  6011004  6011005  6011006  6011007  6011008  6011009  6011010  6011011  6011012
  6011101  6011102  6011103  6011104  6011105  6011106  6011107  6011108  6011109  6011110  6011111  6011112
  6011201  6011202  6011203  6011204  6011205  6011206  6011207  6011208  6011209  6011210  6011211  6011212
  6011301  6011302  6011303  6011304  6011305  6011306  6011307  6011308  6011309  6011310  6011311  6011312
  6011401  6011402  6011403  6011404  6011405  6011406  6011407  6011408  6011409  6011410  6011411  6011412
  6011501  6011502  6011503  6011504  6011505  6011506  6011507  6011508  6011509  6011510  6011511  6011512
 
  6010101  6010102  6010103  6010104  6010105  6010106  6010107  6010108  6010109  6010110  6010111  6010112
  6010201  6010202  6010203  6010204  6010205  6010206  6010207  6010208  6010209  6010210  6010211  6010212
  6010301  6010302  6010303  6010304  6010305  6010306  6010307  6010308  6010309  6010310  6010311  6010312
  6010401  6010402  6010403  6010404  6010405  6010406  6010407  6010408  6010409  6010410  6010411  6010412
  6010501  6010502  6010503  6010504  6010505  6010506  6010507  6010508  6010509  6010510  6010511  6010512
  6010601  6010602  6010603  6010604  6010605  6010606  6010607  6010608  6010609  6010610  6010611  6010612
  6010701  6010702  6010703  6010704  6010705  6010706  6010707  6010708  6010709  6010710  6010711  6010712
  6010801  6010802  6010803  6010804  6010805  6010806  6010807  6010808  6010809  6010810  6010811  6010812
  6010901  6010902  6010903  6010904  6010905  6010906  6010907  6010908  6010909  6010910  6010911  6010912
  6011001  6011002  6011003  6011004  6011005  6011006  6011007  6011008  6011009  6011010  6011011  6011012
  6011101  6011102  6011103  6011104  6011105  6011106  6011107  6011108  6011109  6011110  6011111  6011112
  6011201  6011202  6011203  6011204  6011205  6011206  6011207  6011208  6011209  6011210  6011211  6011212
  6011301  6011302  6011303  6011304  6011305  6011306  6011307  6011308  6011309  6011310  6011311  6011312
  6011401  6011402  6011403  6011404  6011405  6011406  6011407  6011408  6011409  6011410  6011411  6011412
  6011501  6011502  6011503  6011504  6011505  6011506  6011507  6011508  6011509  6011510  6011511  6011512
 
  6010101  6010102  6010103  6010104  6010105  6010106  6010107  6010108  6010109  6010110  6010111  6010112
  6010201  6010202  6010203  6010204  6010205  6010206  6010207  6010208  6010209  6010210  6010211  6010212
  6010301  6010302  6010303  6010304  6010305  6010306  6010307  6010308  6010309  6010310  6010311  6010312
  6010401  6010402  6010403  6010404  6010405  6010406  6010407  6010408  6010409  6010410  6010411  6010412
  6010501  6010502  6010503  6010504  6010505  6010506  6010507  6010508  6010509  6010510  6010511  6010512
  6010601  6010602  6010603  6010604  6010605  6010606  6010607  6010608  6010609  6010610  6010611  6010612
  6010701  6010702  6010703  6010704  6010705  6010706  6010707  6010708  6010709  6010710  6010711  6010712
  6010801  6010802  6010803  6010804  6010805  6010806  6010807  6010808  6010809  6010810  6010811  6010812
  6010901  6010902  6010903  6010904  6010905  6010906  6010907  6010908  6010909  6010910  6010911  6010912
  6011001  6011002  6011003  6011004  6011005  6011006  6011007  6011008  6011009  6011010  6011011  6011012
  6011101  6011102  6011103  6011104  6011105  6011106  6011107  6011108  6011109  6011110  6011111  6011112
  6011201  6011202  6011203  6011204  6011205  6011206  6011207  6011208  6011209  6011210  6011211  6011212
  6011301  6011302  6011303  6011304  6011305  6011306  6011307  6011308  6011309  6011310  6011311  6011312
  6011401  6011402  6011403  6011404  6011405  6011406  6011407  6011408  6011409  6011410  6011411  6011412
  6011501  6011502  6011503  6011504  6011505  6011506  6011507  6011508  6011509  6011510  6011511  6011512
 
 
 atm_1
  8010101  8010102  8010103  8010104  8010105  8010106  8010107  8010108  8010109  8010110  8010111  8010112
  8010201  8010202  8010203  8010204  8010205  8010206  8010207  8010208  8010209  8010210  8010211  8010212
  8010301  8010302  8010303  8010304  8010305  8010306  8010307  8010308  8010309  8010310  8010311  8010312
  8010401  8010402  8010403  8010404  8010405  8010406  8010407  8010408  8010409  8010410  8010411  8010412
  8010501  8010502  8010503  8010504  8010505  8010506  8010507  8010508  8010509  8010510  8010511  8010512
  8010601  8010602  8010603  8010604  8010605  8010606  8010607  8010608  8010609  8010610  8010611  8010612
  8010701  8010702  8010703  8010704  8010705  8010706  8010707  8010708  8010709  8010710  8010711  8010712
  8010801  8010802  8010803  8010804  8010805  8010806  8010807  8010808  8010809  8010810  8010811  8010812
  8010901  8010902  8010903  8010904  8010905  8010906  8010907  8010908  8010909  8010910  8010911  8010912
  8011001  8011002  8011003  8011004  8011005  8011006  8011007  8011008  8011009  8011010  8011011  8011012
  8011101  8011102  8011103  8011104  8011105  8011106  8011107  8011108  8011109  8011110  8011111  8011112
  8011201  8011202  8011203  8011204  8011205  8011206  8011207  8011208  8011209  8011210  8011211  8011212
  8011301  8011302  8011303  8011304  8011305  8011306  8011307  8011308  8011309  8011310  8011311  8011312
  8011401  8011402  8011403  8011404  8011405  8011406  8011407  8011408  8011409  8011410  8011411  8011412
  8011501  8011502  8011503  8011504  8011505  8011506  8011507  8011508  8011509  8011510  8011511  8011512
 
  8010101  8010102  8010103  8010104  8010105  8010106  8010107  8010108  8010109  8010110  8010111  8010112
  8010201  8010202  8010203  8010204  8010205  8010206  8010207  8010208  8010209  8010210  8010211  8010212
  8010301  8010302  8010303  8010304  8010305  8010306  8010307  8010308  8010309  8010310  8010311  8010312
  8010401  8010402  8010403  8010404  8010405  8010406  8010407  8010408  8010409  8010410  8010411  8010412
  8010501  8010502  8010503  8010504  8010505  8010506  8010507  8010508  8010509  8010510  8010511  8010512
  8010601  8010602  8010603  8010604  8010605  8010606  8010607  8010608  8010609  8010610  8010611  8010612
  8010701  8010702  8010703  8010704  8010705  8010706  8010707  8010708  8010709  8010710  8010711  8010712
  8010801  8010802  8010803  8010804  8010805  8010806  8010807  8010808  8010809  8010810  8010811  8010812
  8010901  8010902  8010903  8010904  8010905  8010906  8010907  8010908  8010909  8010910  8010911  8010912
  8011001  8011002  8011003  8011004  8011005  8011006  8011007  8011008  8011009  8011010  8011011  8011012
  8011101  8011102  8011103  8011104  8011105  8011106  8011107  8011108  8011109  8011110  8011111  8011112
  8011201  8011202  8011203  8011204  8011205  8011206  8011207  8011208  8011209  8011210  8011211  8011212
  8011301  8011302  8011303  8011304  8011305  8011306  8011307  8011308  8011309  8011310  8011311  8011312
  8011401  8011402  8011403  8011404  8011405  8011406  8011407  8011408  8011409  8011410  8011411  8011412
  8011501  8011502  8011503  8011504  8011505  8011506  8011507  8011508  8011509  8011510  8011511  8011512
 
  8010101  8010102  8010103  8010104  8010105  8010106  8010107  8010108  8010109  8010110  8010111  8010112
  8010201  8010202  8010203  8010204  8010205  8010206  8010207  8010208  8010209  8010210  8010211  8010212
  8010301  8010302  8010303  8010304  8010305  8010306  8010307  8010308  8010309  8010310  8010311  8010312
  8010401  8010402  8010403  8010404  8010405  8010406  8010407  8010408  8010409  8010410  8010411  8010412
  8010501  8010502  8010503  8010504  8010505  8010506  8010507  8010508  8010509  8010510  8010511  8010512
  8010601  8010602  8010603  8010604  8010605  8010606  8010607  8010608  8010609  8010610  8010611  8010612
  8010701  8010702  8010703  8010704  8010705  8010706  8010707  8010708  8010709  8010710  8010711  8010712
  8010801  8010802  8010803  8010804  8010805  8010806  8010807  8010808  8010809  8010810  8010811  8010812
  8010901  8010902  8010903  8010904  8010905  8010906  8010907  8010908  8010909  8010910  8010911  8010912
  8011001  8011002  8011003  8011004  8011005  8011006  8011007  8011008  8011009  8011010  8011011  8011012
  8011101  8011102  8011103  8011104  8011105  8011106  8011107  8011108  8011109  8011110  8011111  8011112
  8011201  8011202  8011203  8011204  8011205  8011206  8011207  8011208  8011209  8011210  8011211  8011212
  8011301  8011302  8011303  8011304  8011305  8011306  8011307  8011308  8011309  8011310  8011311  8011312
  8011401  8011402  8011403  8011404  8011405  8011406  8011407  8011408  8011409  8011410  8011411  8011412
  8011501  8011502  8011503  8011504  8011505  8011506  8011507  8011508  8011509  8011510  8011511  8011512
 
  8010101  8010102  8010103  8010104  8010105  8010106  8010107  8010108  8010109  8010110  8010111  8010112
  8010201  8010202  8010203  8010204  8010205  8010206  8010207  8010208  8010209  8010210  8010211  8010212
  8010301  8010302  8010303  8010304  8010305  8010306  8010307  8010308  8010309  8010310  8010311  8010312
  8010401  8010402  8010403  8010404  8010405  8010406  8010407  8010408  8010409  8010410  8010411  8010412
  8010501  8010502  8010503  8010504  8010505  8010506  8010507  8010508  8010509  8010510  8010511  8010512
  8010601  8010602  8010603  8010604  8010605  8010606  8010607  8010608  8010609  8010610  8010611  8010612
  8010701  8010702  8010703  8010704  8010705  8010706  8010707  8010708  8010709  8010710  8010711  8010712
  8010801  8010802  8010803  8010804  8010805  8010806  8010807  8010808  8010809  8010810  8010811  8010812
  8010901  8010902  8010903  8010904  8010905  8010906  8010907  8010908  8010909  8010910  8010911  8010912
  8011001  8011002  8011003  8011004  8011005  8011006  8011007  8011008  8011009  8011010  8011011  8011012
  8011101  8011102  8011103  8011104  8011105  8011106  8011107  8011108  8011109  8011110  8011111  8011112
  8011201  8011202  8011203  8011204  8011205  8011206  8011207  8011208  8011209  8011210  8011211  8011212
  8011301  8011302  8011303  8011304  8011305  8011306  8011307  8011308  8011309  8011310  8011311  8011312
  8011401  8011402  8011403  8011404  8011405  8011406  8011407  8011408  8011409  8011410  8011411  8011412
  8011501  8011502  8011503  8011504  8011505  8011506  8011507  8011508  8011509  8011510  8011511  8011512
 
  8010101  8010102  8010103  8010104  8010105  8010106  8010107  8010108  8010109  8010110  8010111  8010112
  8010201  8010202  8010203  8010204  8010205  8010206  8010207  8010208  8010209  8010210  8010211  8010212
  8010301  8010302  8010303  8010304  8010305  8010306  8010307  8010308  8010309  8010310  8010311  8010312
  8010401  8010402  8010403  8010404  8010405  8010406  8010407  8010408  8010409  8010410  8010411  8010412
  8010501  8010502  8010503  8010504  8010505  8010506  8010507  8010508  8010509  8010510  8010511  8010512
  8010601  8010602  8010603  8010604  8010605  8010606  8010607  8010608  8010609  8010610  8010611  8010612
  8010701  8010702  8010703  8010704  8010705  8010706  8010707  8010708  8010709  8010710  8010711  8010712
  8010801  8010802  8010803  8010804  8010805  8010806  8010807  8010808  8010809  8010810  8010811  8010812
  8010901  8010902  8010903  8010904  8010905  8010906  8010907  8010908  8010909  8010910  8010911  8010912
  8011001  8011002  8011003  8011004  8011005  8011006  8011007  8011008  8011009  8011010  8011011  8011012
  8011101  8011102  8011103  8011104  8011105  8011106  8011107  8011108  8011109  8011110  8011111  8011112
  8011201  8011202  8011203  8011204  8011205  8011206  8011207  8011208  8011209  8011210  8011211  8011212
  8011301  8011302  8011303  8011304  8011305  8011306  8011307  8011308  8011309  8011310  8011311  8011312
  8011401  8011402  8011403  8011404  8011405  8011406  8011407  8011408  8011409  8011410  8011411  8011412
  8011501  8011502  8011503  8011504  8011505  8011506  8011507  8011508  8011509  8011510  8011511  8011512
 
  8010101  8010102  8010103  8010104  8010105  8010106  8010107  8010108  8010109  8010110  8010111  8010112
  8010201  8010202  8010203  8010204  8010205  8010206  8010207  8010208  8010209  8010210  8010211  8010212
  8010301  8010302  8010303  8010304  8010305  8010306  8010307  8010308  8010309  8010310  8010311  8010312
  8010401  8010402  8010403  8010404  8010405  8010406  8010407  8010408  8010409  8010410  8010411  8010412
  8010501  8010502  8010503  8010504  8010505  8010506  8010507  8010508  8010509  8010510  8010511  8010512
  8010601  8010602  8010603  8010604  8010605  8010606  8010607  8010608  8010609  8010610  8010611  8010612
  8010701  8010702  8010703  8010704  8010705  8010706  8010707  8010708  8010709  8010710  8010711  8010712
  8010801  8010802  8010803  8010804  8010805  8010806  8010807  8010808  8010809  8010810  8010811  8010812
  8010901  8010902  8010903  8010904  8010905  8010906  8010907  8010908  8010909  8010910  8010911  8010912
  8011001  8011002  8011003  8011004  8011005  8011006  8011007  8011008  8011009  8011010  8011011  8011012
  8011101  8011102  8011103  8011104  8011105  8011106  8011107  8011108  8011109  8011110  8011111  8011112
  8011201  8011202  8011203  8011204  8011205  8011206  8011207  8011208  8011209  8011210  8011211  8011212
  8011301  8011302  8011303  8011304  8011305  8011306  8011307  8011308  8011309  8011310  8011311  8011312
  8011401  8011402  8011403  8011404  8011405  8011406  8011407  8011408  8011409  8011410  8011411  8011412
  8011501  8011502  8011503  8011504  8011505  8011506  8011507  8011508  8011509  8011510  8011511  8011512
 
  8010101  8010102  8010103  8010104  8010105  8010106  8010107  8010108  8010109  8010110  8010111  8010112
  8010201  8010202  8010203  8010204  8010205  8010206  8010207  8010208  8010209  8010210  8010211  8010212
  8010301  8010302  8010303  8010304  8010305  8010306  8010307  8010308  8010309  8010310  8010311  8010312
  8010401  8010402  8010403  8010404  8010405  8010406  8010407  8010408  8010409  8010410  8010411  8010412
  8010501  8010502  8010503  8010504  8010505  8010506  8010507  8010508  8010509  8010510  8010511  8010512
  8010601  8010602  8010603  8010604  8010605  8010606  8010607  8010608  8010609  8010610  8010611  8010612
  8010701  8010702  8010703  8010704  8010705  8010706  8010707  8010708  8010709  8010710  8010711  8010712
  8010801  8010802  8010803  8010804  8010805  8010806  8010807  8010808  8010809  8010810  8010811  8010812
  8010901  8010902  8010903  8010904  8010905  8010906  8010907  8010908  8010909  8010910  8010911  8010912
  8011001  8011002  8011003  8011004  8011005  8011006  8011007  8011008  8011009  8011010  8011011  8011012
  8011101  8011102  8011103  8011104  8011105  8011106  8011107  8011108  8011109  8011110  8011111  8011112
  8011201  8011202  8011203  8011204  8011205  8011206  8011207  8011208  8011209  8011210  8011211  8011212
  8011301  8011302  8011303  8011304  8011305  8011306  8011307  8011308  8011309  8011310  8011311  8011312
  8011401  8011402  8011403  8011404  8011405  8011406  8011407  8011408  8011409  8011410  8011411  8011412
  8011501  8011502  8011503  8011504  8011505  8011506  8011507  8011508  8011509  8011510  8011511  8011512
 
  8010101  8010102  8010103  8010104  8010105  8010106  8010107  8010108  8010109  8010110  8010111  8010112
  8010201  8010202  8010203  8010204  8010205  8010206  8010207  8010208  8010209  8010210  8010211  8010212
  8010301  8010302  8010303  8010304  8010305  8010306  8010307  8010308  8010309  8010310  8010311  8010312
  8010401  8010402  8010403  8010404  8010405  8010406  8010407  8010408  8010409  8010410  8010411  8010412
  8010501  8010502  8010503  8010504  8010505  8010506  8010507  8010508  8010509  8010510  8010511  8010512
  8010601  8010602  8010603  8010604  8010605  8010606  8010607  8010608  8010609  8010610  8010611  8010612
  8010701  8010702  8010703  8010704  8010705  8010706  8010707  8010708  8010709  8010710  8010711  8010712
  8010801  8010802  8010803  8010804  8010805  8010806  8010807  8010808  8010809  8010810  8010811  8010812
  8010901  8010902  8010903  8010904  8010905  8010906  8010907  8010908  8010909  8010910  8010911  8010912
  8011001  8011002  8011003  8011004  8011005  8011006  8011007  8011008  8011009  8011010  8011011  8011012
  8011101  8011102  8011103  8011104  8011105  8011106  8011107  8011108  8011109  8011110  8011111  8011112
  8011201  8011202  8011203  8011204  8011205  8011206  8011207  8011208  8011209  8011210  8011211  8011212
  8011301  8011302  8011303  8011304  8011305  8011306  8011307  8011308  8011309  8011310  8011311  8011312
  8011401  8011402  8011403  8011404  8011405  8011406  8011407  8011408  8011409  8011410  8011411  8011412
  8011501  8011502  8011503  8011504  8011505  8011506  8011507  8011508  8011509  8011510  8011511  8011512
 
 
 atm_1
 10010101 10010102 10010103 10010104 10010105 10010106 10010107 10010108 10010109 10010110 10010111 10010112
 10010201 10010202 10010203 10010204 10010205 10010206 10010207 10010208 10010209 10010210 10010211 10010212
 10010301 10010302 10010303 10010304 10010305 10010306 10010307 10010308 10010309 10010310 10010311 10010312
 10010401 10010402 10010403 10010404 10010405 10010406 10010407 10010408 10010409 10010410 10010411 10010412
 10010501 10010502 10010503 10010504 10010505 10010506 10010507 10010508 10010509 10010510 10010511 10010512
 10010601 10010602 10010603 10010604 10010605 10010606 10010607 10010608 10010609 10010610 10010611 10010612
 10010701 10010702 10010703 10010704 10010705 10010706 10010707 10010708 10010709 10010710 10010711 10010712
 10010801 10010802 10010803 10010804 10010805 10010806 10010807 10010808 10010809 10010810 10010811 10010812
 10010901 10010902 10010903 10010904 10010905 10010906 10010907 10010908 10010909 10010910 10010911 10010912
 10011001 10011002 10011003 10011004 10011005 10011006 10011007 10011008 10011009 10011010 10011011 10011012
 10011101 10011102 10011103 10011104 10011105 10011106 10011107 10011108 10011109 10011110 10011111 10011112
 10011201 10011202 10011203 10011204 10011205 10011206 10011207 10011208 10011209 10011210 10011211 10011212
 10011301 10011302 10011303 10011304 10011305 10011306 10011307 10011308 10011309 10011310 10011311 10011312
 10011401 10011402 10011403 10011404 10011405 10011406 10011407 10011408 10011409 10011410 10011411 10011412
 10011501 10011502 10011503 10011504 10011505 10011506 10011507 10011508 10011509 10011510 10011511 10011512
 
 10010101 10010102 10010103 10010104 10010105 10010106 10010107 10010108 10010109 10010110 10010111 10010112
 10010201 10010202 10010203 10010204 10010205 10010206 10010207 10010208 10010209 10010210 10010211 10010212
 10010301 10010302 10010303 10010304 10010305 10010306 10010307 10010308 10010309 10010310 10010311 10010312
 10010401 10010402 10010403 10010404 10010405 10010406 10010407 10010408 10010409 10010410 10010411 10010412
 10010501 10010502 10010503 10010504 10010505 10010506 10010507 10010508 10010509 10010510 10010511 10010512
 10010601 10010602 10010603 10010604 10010605 10010606 10010607 10010608 10010609 10010610 10010611 10010612
 10010701 10010702 10010703 10010704 10010705 10010706 10010707 10010708 10010709 10010710 10010711 10010712
 10010801 10010802 10010803 10010804 10010805 10010806 10010807 10010808 10010809 10010810 10010811 10010812
 10010901 10010902 10010903 10010904 10010905 10010906 10010907 10010908 10010909 10010910 10010911 10010912
 10011001 10011002 10011003 10011004 10011005 10011006 10011007 10011008 10011009 10011010 10011011 10011012
 10011101 10011102 10011103 10011104 10011105 10011106 10011107 10011108 10011109 10011110 10011111 10011112
 10011201 10011202 10011203 10011204 10011205 10011206 10011207 10011208 10011209 10011210 10011211 10011212
 10011301 10011302 10011303 10011304 10011305 10011306 10011307 10011308 10011309 10011310 10011311 10011312
 10011401 10011402 10011403 10011404 10011405 10011406 10011407 10011408 10011409 10011410 10011411 10011412
 10011501 10011502 10011503 10011504 10011505 10011506 10011507 10011508 10011509 10011510 10011511 10011512
 
 10010101 10010102 10010103 10010104 10010105 10010106 10010107 10010108 10010109 10010110 10010111 10010112
 10010201 10010202 10010203 10010204 10010205 10010206 10010207 10010208 10010209 10010210 10010211 10010212
 10010301 10010302 10010303 10010304 10010305 10010306 10010307 10010308 10010309 10010310 10010311 10010312
 10010401 10010402 10010403 10010404 10010405 10010406 10010407 10010408 10010409 10010410 10010411 10010412
 10010501 10010502 10010503 10010504 10010505 10010506 10010507 10010508 10010509 10010510 10010511 10010512
 10010601 10010602 10010603 10010604 10010605 10010606 10010607 10010608 10010609 10010610 10010611 10010612
 10010701 10010702 10010703 10010704 10010705 10010706 10010707 10010708 10010709 10010710 10010711 10010712
 10010801 10010802 10010803 10010804 10010805 10010806 10010807 10010808 10010809 10010810 10010811 10010812
 10010901 10010902 10010903 10010904 10010905 10010906 10010907 10010908 10010909 10010910 10010911 10010912
 10011001 10011002 10011003 10011004 10011005 10011006 10011007 10011008 10011009 10011010 10011011 10011012
 10011101 10011102 10011103 10011104 10011105 10011106 10011107 10011108 10011109 10011110 10011111 10011112
 10011201 10011202 10011203 10011204 10011205 10011206 10011207 10011208 10011209 10011210 10011211 10011212
 10011301 10011302 10011303 10011304 10011305 10011306 10011307 10011308 10011309 10011310 10011311 10011312
 10011401 10011402 10011403 10011404 10011405 10011406 10011407 10011408 10011409 10011410 10011411 10011412
 10011501 10011502 10011503 10011504 10011505 10011506 10011507 10011508 10011509 10011510 10011511 10011512
 
 10010101 10010102 10010103 10010104 10010105 10010106 10010107 10010108 10010109 10010110 10010111 10010112
 10010201 10010202 10010203 10010204 10010205 10010206 10010207 10010208 10010209 10010210 10010211 10010212
 10010301 10010302 10010303 10010304 10010305 10010306 10010307 10010308 10010309 10010310 10010311 10010312
 10010401 10010402 10010403 10010404 10010405 10010406 10010407 10010408 10010409 10010410 10010411 10010412
 10010501 10010502 10010503 10010504 10010505 10010506 10010507 10010508 10010509 10010510 10010511 10010512
 10010601 10010602 10010603 10010604 10010605 10010606 10010607 10010608 10010609 10010610 10010611 10010612
 10010701 10010702 10010703 10010704 10010705 10010706 10010707 10010708 10010709 10010710 10010711 10010712
 10010801 10010802 10010803 10010804 10010805 10010806 10010807 10010808 10010809 10010810 10010811 10010812
 10010901 10010902 10010903 10010904 10010905 10010906 10010907 10010908 10010909 10010910 10010911 10010912
 10011001 10011002 10011003 10011004 10011005 10011006 10011007 10011008 10011009 10011010 10011011 10011012
 10011101 10011102 10011103 10011104 10011105 10011106 10011107 10011108 10011109 10011110 10011111 10011112
 10011201 10011202 10011203 10011204 10011205 10011206 10011207 10011208 10011209 10011210 10011211 10011212
 10011301 10011302 10011303 10011304 10011305 10011306 10011307 10011308 10011309 10011310 10011311 10011312
 10011401 10011402 10011403 10011404 10011405 10011406 10011407 10011408 10011409 10011410 10011411 10011412
 10011501 10011502 10011503 10011504 10011505 10011506 10011507 10011508 10011509 10011510 10011511 10011512
 
 10010101 10010102 10010103 10010104 10010105 10010106 10010107 10010108 10010109 10010110 10010111 10010112
 10010201 10010202 10010203 10010204 10010205 10010206 10010207 10010208 10010209 10010210 10010211 10010212
 10010301 10010302 10010303 10010304 10010305 10010306 10010307 10010308 10010309 10010310 10010311 10010312
 10010401 10010402 10010403 10010404 10010405 10010406 10010407 10010408 10010409 10010410 10010411 10010412
 10010501 10010502 10010503 10010504 10010505 10010506 10010507 10010508 10010509 10010510 10010511 10010512
 10010601 10010602 10010603 10010604 10010605 10010606 10010607 10010608 10010609 10010610 10010611 10010612
 10010701 10010702 10010703 10010704 10010705 10010706 10010707 10010708 10010709 10010710 10010711 10010712
 10010801 10010802 10010803 10010804 10010805 10010806 10010807 10010808 10010809 10010810 10010811 10010812
 10010901 10010902 10010903 10010904 10010905 10010906 10010907 10010908 10010909 10010910 10010911 10010912
 10011001 10011002 10011003 10011004 10011005 10011006 10011007 10011008 10011009 10011010 10011011 10011012
 10011101 10011102 10011103 10011104 10011105 10011106 10011107 10011108 10011109 10011110 10011111 10011112
 10011201 10011202 10011203 10011204 10011205 10011206 10011207 10011208 10011209 10011210 10011211 10011212
 10011301 10011302 10011303 10011304 10011305 10011306 10011307 10011308 10011309 10011310 10011311 10011312
 10011401 10011402 10011403 10011404 10011405 10011406 10011407 10011408 10011409 10011410 10011411 10011412
 10011501 10011502 10011503 10011504 10011505 10011506 10011507 10011508 10011509 10011510 10011511 10011512
 
 10010101 10010102 10010103 10010104 10010105 10010106 10010107 10010108 10010109 10010110 10010111 10010112
 10010201 10010202 10010203 10010204 10010205 10010206 10010207 10010208 10010209 10010210 10010211 10010212
 10010301 10010302 10010303 10010304 10010305 10010306 10010307 10010308 10010309 10010310 10010311 10010312
 10010401 10010402 10010403 10010404 10010405 10010406 10010407 10010408 10010409 10010410 10010411 10010412
 10010501 10010502 10010503 10010504 10010505 10010506 10010507 10010508 10010509 10010510 10010511 10010512
 10010601 10010602 10010603 10010604 10010605 10010606 10010607 10010608 10010609 10010610 10010611 10010612
 10010701 10010702 10010703 10010704 10010705 10010706 10010707 10010708 10010709 10010710 10010711 10010712
 10010801 10010802 10010803 10010804 10010805 10010806 10010807 10010808 10010809 10010810 10010811 10010812
 10010901 10010902 10010903 10010904 10010905 10010906 10010907 10010908 10010909 10010910 10010911 10010912
 10011001 10011002 10011003 10011004 10011005 10011006 10011007 10011008 10011009 10011010 10011011 10011012
 10011101 10011102 10011103 10011104 10011105 10011106 10011107 10011108 10011109 10011110 10011111 10011112
 10011201 10011202 10011203 10011204 10011205 10011206 10011207 10011208 10011209 10011210 10011211 10011212
 10011301 10011302 10011303 10011304 10011305 10011306 10011307 10011308 10011309 10011310 10011311 10011312
 10011401 10011402 10011403 10011404 10011405 10011406 10011407 10011408 10011409 10011410 10011411 10011412
 10011501 10011502 10011503 10011504 10011505 10011506 10011507 10011508 10011509 10011510 10011511 10011512
 
 10010101 10010102 10010103 10010104 10010105 10010106 10010107 10010108 10010109 10010110 10010111 10010112
 10010201 10010202 10010203 10010204 10010205 10010206 10010207 10010208 10010209 10010210 10010211 10010212
 10010301 10010302 10010303 10010304 10010305 10010306 10010307 10010308 10010309 10010310 10010311 10010312
 10010401 10010402 10010403 10010404 10010405 10010406 10010407 10010408 10010409 10010410 10010411 10010412
 10010501 10010502 10010503 10010504 10010505 10010506 10010507 10010508 10010509 10010510 10010511 10010512
 10010601 10010602 10010603 10010604 10010605 10010606 10010607 10010608 10010609 10010610 10010611 10010612
 10010701 10010702 10010703 10010704 10010705 10010706 10010707 10010708 10010709 10010710 10010711 10010712
 10010801 10010802 10010803 10010804 10010805 10010806 10010807 10010808 10010809 10010810 10010811 10010812
 10010901 10010902 10010903 10010904 10010905 10010906 10010907 10010908 10010909 10010910 10010911 10010912
 10011001 10011002 10011003 10011004 10011005 10011006 10011007 10011008 10011009 10011010 10011011 10011012
 10011101 10011102 10011103 10011104 10011105 10011106 10011107 10011108 10011109 10011110 10011111 10011112
 10011201 10011202 10011203 10011204 10011205 10011206 10011207 10011208 10011209 10011210 10011211 10011212
 10011301 10011302 10011303 10011304 10011305 10011306 10011307 10011308 10011309 10011310 10011311 10011312
 10011401 10011402 10011403 10011404 10011405 10011406 10011407 10011408 10011409 10011410 10011411 10011412
 10011501 10011502 10011503 10011504 10011505 10011506 10011507 10011508 10011509 10011510 10011511 10011512
 
 10010101 10010102 10010103 10010104 10010105 10010106 10010107 10010108 10010109 10010110 10010111 10010112
 10010201 10010202 10010203 10010204 10010205 10010206 10010207 10010208 10010209 10010210 10010211 10010212
 10010301 10010302 10010303 10010304 10010305 10010306 10010307 10010308 10010309 10010310 10010311 10010312
 10010401 10010402 10010403 10010404 10010405 10010406 10010407 10010408 10010409 10010410 10010411 10010412
 10010501 10010502 10010503 10010504 10010505 10010506 10010507 10010508 10010509 10010510 10010511 10010512
 10010601 10010602 10010603 10010604 10010605 10010606 10010607 10010608 10010609 10010610 10010611 10010612
 10010701 10010702 10010703 10010704 10010705 10010706 10010707 10010708 10010709 10010710 10010711 10010712
 10010801 10010802 10010803 10010804 10010805 10010806 10010807 10010808 10010809 10010810 10010811 10010812
 10010901 10010902 10010903 10010904 10010905 10010906 10010907 10010908 10010909 10010910 10010911 10010912
 10011001 10011002 10011003 10011004 10011005 10011006 10011007 10011008 10011009 10011010 10011011 10011012
 10011101 10011102 10011103 10011104 10011105 10011106 10011107 10011108 10011109 10011110 10011111 10011112
 10011201 10011202 10011203 10011204 10011205 10011206 10011207 10011208 10011209 10011210 10011211 10011212
 10011301 10011302 10011303 10011304 10011305 10011306 10011307 10011308 10011309 10011310 10011311 10011312
 10011401 10011402 10011403 10011404 10011405 10011406 10011407 10011408 10011409 10011410 10011411 10011412
 10011501 10011502 10011503 10011504 10011505 10011506 10011507 10011508 10011509 10011510 10011511 10011512
 
 
