 atm_1
  5010101  5010102  5010103  5010104  5010105  5010106  5010107  5010108
  5010201  5010202  5010203  5010204  5010205  5010206  5010207  5010208
  5010301  5010302  5010303  5010304  5010305  5010306  5010307  5010308
  5010401  5010402  5010403  5010404  5010405  5010406  5010407  5010408
  5010501  5010502  5010503  5010504  5010505  5010506  5010507  5010508
  5010601  5010602  5010603  5010604  5010605  5010606  5010607  5010608
 
 atm_2
  5010101  5010102  5010103  5010104  5010105  5010106  5010107  5010108
  5010201  5010202  5010203  5010204  5010205  5010206  5010207  5010208
  5010301  5010302  5010303  5010304  5010305  5010306  5010307  5010308
  5010401  5010402  5010403  5010404  5010405  5010406  5010407  5010408
  5010501  5010502  5010503  5010504  5010505  5010506  5010507  5010508
  5010601  5010602  5010603  5010604  5010605  5010606  5010607  5010608
 
 atm_3
  6010101  6010102  6010103  6010104  6010105  6010106  6010107  6010108
  6010201  6010202  6010203  6010204  6010205  6010206  6010207  6010208
  6010301  6010302  6010303  6010304  6010305  6010306  6010307  6010308
  6010401  6010402  6010403  6010404  6010405  6010406  6010407  6010408
  6010501  6010502  6010503  6010504  6010505  6010506  6010507  6010508
  6010601  6010602  6010603  6010604  6010605  6010606  6010607  6010608
 
 atm_4
  5040101  5040102  5040103  5040104  5040105  5040106  5040107  5040108
  5040201  5040202  5040203  5040204  5040205  5040206  5040207  5040208
  5040301  5040302  5040303  5040304  5040305  5040306  5040307  5040308
  5040401  5040402  5040403  5040404  5040405  5040406  5040407  5040408
  5040501  5040502  5040503  5040504  5040505  5040506  5040507  5040508
  5040601  5040602  5040603  5040604  5040605  5040606  5040607  5040608
 
 atm_4
  5040807  5040808  5040809  5040810  5040811  5040812  5040901  5040902
  5040907  5040908  5040909  5040910  5040911  5040912  5041001  5041002
  5041007  5041008  5041009  5041010  5041011  5041012  5041101  5041102
  5041107  5041108  5041109  5041110  5041111  5041112  5041201  5041202
  5041207  5041208  5041209  5041210  5041211  5041212  5041301  5041302
  5041307  5041308  5041309  5041310  5041311  5041312  5041401  5041402
 
 atm_4
  5050107  5050108  5050109  5050110  5050111  5050112  5050201  5050202
  5050207  5050208  5050209  5050210  5050211  5050212  5050301  5050302
  5050307  5050308  5050309  5050310  5050311  5050312  5050401  5050402
  5050407  5050408  5050409  5050410  5050411  5050412  5050501  5050502
  5050507  5050508  5050509  5050510  5050511  5050512  5050601  5050602
  5050607  5050608  5050609  5050610  5050611  5050612  5050701  5050702
 
 atm_4
  5050901  5050902  5050903  5050904  5050905  5050906  5050907  5050908
  5051001  5051002  5051003  5051004  5051005  5051006  5051007  5051008
  5051101  5051102  5051103  5051104  5051105  5051106  5051107  5051108
  5051201  5051202  5051203  5051204  5051205  5051206  5051207  5051208
  5051301  5051302  5051303  5051304  5051305  5051306  5051307  5051308
  5051401  5051402  5051403  5051404  5051405  5051406  5051407  5051408
 
 atm_4
  5060201  5060202  5060203  5060204  5060205  5060206  5060207  5060208
  5060301  5060302  5060303  5060304  5060305  5060306  5060307  5060308
  5060401  5060402  5060403  5060404  5060405  5060406  5060407  5060408
  5060501  5060502  5060503  5060504  5060505  5060506  5060507  5060508
  5060601  5060602  5060603  5060604  5060605  5060606  5060607  5060608
  5060701  5060702  5060703  5060704  5060705  5060706  5060707  5060708
 
 atm_4
  5060907  5060908  5060909  5060910  5060911  5060912  5061001  5061002
  5061007  5061008  5061009  5061010  5061011  5061012  5061101  5061102
  5061107  5061108  5061109  5061110  5061111  5061112  5061201  5061202
  5061207  5061208  5061209  5061210  5061211  5061212  5061301  5061302
  5061307  5061308  5061309  5061310  5061311  5061312  5061401  5061402
  5061407  5061408  5061409  5061410  5061411  5061412  5061501  5061502
 
 atm_5
  6050101  6050102  6050103  6050104  6050105  6050106  6050107  6050108
  6050201  6050202  6050203  6050204  6050205  6050206  6050207  6050208
  6050301  6050302  6050303  6050304  6050305  6050306  6050307  6050308
  6050401  6050402  6050403  6050404  6050405  6050406  6050407  6050408
  6050501  6050502  6050503  6050504  6050505  6050506  6050507  6050508
  6050601  6050602  6050603  6050604  6050605  6050606  6050607  6050608
 
 atm_5
  6050807  6050808  6050809  6050810  6050811  6050812  6050901  6050902
  6050907  6050908  6050909  6050910  6050911  6050912  6051001  6051002
  6051007  6051008  6051009  6051010  6051011  6051012  6051101  6051102
  6051107  6051108  6051109  6051110  6051111  6051112  6051201  6051202
  6051207  6051208  6051209  6051210  6051211  6051212  6051301  6051302
  6051307  6051308  6051309  6051310  6051311  6051312  6051401  6051402
 
 atm_5
  6060107  6060108  6060109  6060110  6060111  6060112  6060201  6060202
  6060207  6060208  6060209  6060210  6060211  6060212  6060301  6060302
  6060307  6060308  6060309  6060310  6060311  6060312  6060401  6060402
  6060407  6060408  6060409  6060410  6060411  6060412  6060501  6060502
  6060507  6060508  6060509  6060510  6060511  6060512  6060601  6060602
  6060607  6060608  6060609  6060610  6060611  6060612  6060701  6060702
 
 atm_5
  6060901  6060902  6060903  6060904  6060905  6060906  6060907  6060908
  6061001  6061002  6061003  6061004  6061005  6061006  6061007  6061008
  6061101  6061102  6061103  6061104  6061105  6061106  6061107  6061108
  6061201  6061202  6061203  6061204  6061205  6061206  6061207  6061208
  6061301  6061302  6061303  6061304  6061305  6061306  6061307  6061308
  6061401  6061402  6061403  6061404  6061405  6061406  6061407  6061408
 
 atm_5
  6070201  6070202  6070203  6070204  6070205  6070206  6070207  6070208
  6070301  6070302  6070303  6070304  6070305  6070306  6070307  6070308
  6070401  6070402  6070403  6070404  6070405  6070406  6070407  6070408
  6070501  6070502  6070503  6070504  6070505  6070506  6070507  6070508
  6070601  6070602  6070603  6070604  6070605  6070606  6070607  6070608
  6070701  6070702  6070703  6070704  6070705  6070706  6070707  6070708
 
 atm_5
  6070907  6070908  6070909  6070910  6070911  6070912  6071001  6071002
  6071007  6071008  6071009  6071010  6071011  6071012  6071101  6071102
  6071107  6071108  6071109  6071110  6071111  6071112  6071201  6071202
  6071207  6071208  6071209  6071210  6071211  6071212  6071301  6071302
  6071307  6071308  6071309  6071310  6071311  6071312  6071401  6071402
  6071407  6071408  6071409  6071410  6071411  6071412  6071501  6071502
 
 land_1
 12020101 12020102 12020103 12020104 12020105 12020106 12020107 12020108
 12020201 12020202 12020203 12020204 12020205 12020206 12020207 12020208
 12020301 12020302 12020303 12020304 12020305 12020306 12020307 12020308
 12020401 12020402 12020403 12020404 12020405 12020406 12020407 12020408
 12020501 12020502 12020503 12020504 12020505 12020506 12020507 12020508
 12020601 12020602 12020603 12020604 12020605 12020606 12020607 12020608
 
 ice_1
 12040101 12040102 12040103 12040104 12040105 12040106 12040107 12040108
 12040201 12040202 12040203 12040204 12040205 12040206 12040207 12040208
 12040301 12040302 12040303 12040304 12040305 12040306 12040307 12040308
 12040401 12040402 12040403 12040404 12040405 12040406 12040407 12040408
 12040501 12040502 12040503 12040504 12040505 12040506 12040507 12040508
 12040601 12040602 12040603 12040604 12040605 12040606 12040607 12040608
 
 atm_1
  8010101  8010101  8010103  8010104  8010104  8010106  8010107  8010107
  8010200  8010202  8010203  8010203  8010205  8010206  8010206  8010208
  8010301  8010302  8010302  8010304  8010305  8010305  8010307  8010308
  8010401  8010401  8010403  8010404  8010404  8010406  8010407  8010407
  8010500  8010502  8010503  8010503  8010505  8010506  8010506  8010508
  8010601  8010602  8010602  8010604  8010605  8010605  8010607  8010608
 
 atm_2
  8010101  8010101  8010103  8010104  8010104  8010106  8010107  8010107
  8010200  8010202  8010203  8010203  8010205  8010206  8010206  8010208
  8010301  8010302  8010302  8010304  8010305  8010305  8010307  8010308
  8010401  8010401  8010403  8010404  8010404  8010406  8010407  8010407
  8010500  8010502  8010503  8010503  8010505  8010506  8010506  8010508
  8010601  8010602  8010602  8010604  8010605  8010605  8010607  8010608
 
 atm_3
  9010101  9010102  9010103  9010104  9010105  9010106  9010107  9010108
  9010201  9010202  9010203  9010204  9010205  9010206  9010207  9010208
  9010301  9010302  9010303  9010304  9010305  9010306  9010307  9010308
  9010401  9010402  9010403  9010404  9010405  9010406  9010407  9010408
  9010501  9010502  9010503  9010504  9010505  9010506  9010507  9010508
  9010601  9010602  9010603  9010604  9010605  9010606  9010607  9010608
 
 atm_4
  8040101  8040101  8040103  8040104  8040104  8040106  8040107  8040107
  8040200  8040202  8040203  8040203  8040205  8040206  8040206  8040208
  8040301  8040302  8040302  8040304  8040305  8040305  8040307  8040308
  8040401  8040401  8040403  8040404  8040404  8040406  8040407  8040407
  8040500  8040502  8040503  8040503  8040505  8040506  8040506  8040508
  8040601  8040602  8040602  8040604  8040605  8040605  8040607  8040608
 
 atm_4
  8050100  8050102  8050103  8050103  8050105  8050106  8050106  8050108
  8050201  8050202  8050202  8050204  8050205  8050205  8050207  8050208
  8050301  8050301  8050303  8050304  8050304  8050306  8050307  8050307
  8050400  8050402  8050403  8050403  8050405  8050406  8050406  8050408
  8050501  8050502  8050502  8050504  8050505  8050505  8050507  8050508
  8050601  8050601  8050603  8050604  8050604  8050606  8050607  8050607
 
 atm_4
  8060101  8060102  8060102  8060104  8060105  8060105  8060107  8060108
  8060201  8060201  8060203  8060204  8060204  8060206  8060207  8060207
  8060300  8060302  8060303  8060303  8060305  8060306  8060306  8060308
  8060401  8060402  8060402  8060404  8060405  8060405  8060407  8060408
  8060501  8060501  8060503  8060504  8060504  8060506  8060507  8060507
  8060600  8060602  8060603  8060603  8060605  8060606  8060606  8060608
 
 atm_4
  8070101  8070101  8070103  8070104  8070104  8070106  8070107  8070107
  8070200  8070202  8070203  8070203  8070205  8070206  8070206  8070208
  8070301  8070302  8070302  8070304  8070305  8070305  8070307  8070308
  8070401  8070401  8070403  8070404  8070404  8070406  8070407  8070407
  8070500  8070502  8070503  8070503  8070505  8070506  8070506  8070508
  8070601  8070602  8070602  8070604  8070605  8070605  8070607  8070608
 
 atm_4
  8080100  8080102  8080103  8080103  8080105  8080106  8080106  8080108
  8080201  8080202  8080202  8080204  8080205  8080205  8080207  8080208
  8080301  8080301  8080303  8080304  8080304  8080306  8080307  8080307
  8080400  8080402  8080403  8080403  8080405  8080406  8080406  8080408
  8080501  8080502  8080502  8080504  8080505  8080505  8080507  8080508
  8080601  8080601  8080603  8080604  8080604  8080606  8080607  8080607
 
 atm_4
  8090101  8090102  8090102  8090104  8090105  8090105  8090107  8090108
  8090201  8090201  8090203  8090204  8090204  8090206  8090207  8090207
  8090300  8090302  8090303  8090303  8090305  8090306  8090306  8090308
  8090401  8090402  8090402  8090404  8090405  8090405  8090407  8090408
  8090501  8090501  8090503  8090504  8090504  8090506  8090507  8090507
  8090600  8090602  8090603  8090603  8090605  8090606  8090606  8090608
 
 atm_5
  9050101  9050102  9050103  9050104  9050105  9050106  9050107  9050108
  9050201  9050202  9050203  9050204  9050205  9050206  9050207  9050208
  9050301  9050302  9050303  9050304  9050305  9050306  9050307  9050308
  9050401  9050402  9050403  9050404  9050405  9050406  9050407  9050408
  9050501  9050502  9050503  9050504  9050505  9050506  9050507  9050508
  9050601  9050602  9050603  9050604  9050605  9050606  9050607  9050608
 
 atm_5
  9060101  9060102  9060103  9060104  9060105  9060106  9060107  9060108
  9060201  9060202  9060203  9060204  9060205  9060206  9060207  9060208
  9060301  9060302  9060303  9060304  9060305  9060306  9060307  9060308
  9060401  9060402  9060403  9060404  9060405  9060406  9060407  9060408
  9060501  9060502  9060503  9060504  9060505  9060506  9060507  9060508
  9060601  9060602  9060603  9060604  9060605  9060606  9060607  9060608
 
 atm_5
  9070101  9070102  9070103  9070104  9070105  9070106  9070107  9070108
  9070201  9070202  9070203  9070204  9070205  9070206  9070207  9070208
  9070301  9070302  9070303  9070304  9070305  9070306  9070307  9070308
  9070401  9070402  9070403  9070404  9070405  9070406  9070407  9070408
  9070501  9070502  9070503  9070504  9070505  9070506  9070507  9070508
  9070601  9070602  9070603  9070604  9070605  9070606  9070607  9070608
 
 atm_5
  9080101  9080102  9080103  9080104  9080105  9080106  9080107  9080108
  9080201  9080202  9080203  9080204  9080205  9080206  9080207  9080208
  9080301  9080302  9080303  9080304  9080305  9080306  9080307  9080308
  9080401  9080402  9080403  9080404  9080405  9080406  9080407  9080408
  9080501  9080502  9080503  9080504  9080505  9080506  9080507  9080508
  9080601  9080602  9080603  9080604  9080605  9080606  9080607  9080608
 
 atm_5
  9090101  9090102  9090103  9090104  9090105  9090106  9090107  9090108
  9090201  9090202  9090203  9090204  9090205  9090206  9090207  9090208
  9090301  9090302  9090303  9090304  9090305  9090306  9090307  9090308
  9090401  9090402  9090403  9090404  9090405  9090406  9090407  9090408
  9090501  9090502  9090503  9090504  9090505  9090506  9090507  9090508
  9090601  9090602  9090603  9090604  9090605  9090606  9090607  9090608
 
 atm_5
  9100101  9100102  9100103  9100104  9100105  9100106  9100107  9100108
  9100201  9100202  9100203  9100204  9100205  9100206  9100207  9100208
  9100301  9100302  9100303  9100304  9100305  9100306  9100307  9100308
  9100401  9100402  9100403  9100404  9100405  9100406  9100407  9100408
  9100501  9100502  9100503  9100504  9100505  9100506  9100507  9100508
  9100601  9100602  9100603  9100604  9100605  9100606  9100607  9100608
 
 land_1
 18020101 18020102 18020103 18020104 18020105 18020106 18020107 18020108
 18020201 18020202 18020203 18020204 18020205 18020206 18020207 18020208
 18020301 18020302 18020303 18020304 18020305 18020306 18020307 18020308
 18020401 18020402 18020403 18020404 18020405 18020406 18020407 18020408
 18020501 18020502 18020503 18020504 18020505 18020506 18020507 18020508
 18020601 18020602 18020603 18020604 18020605 18020606 18020607 18020608
 
 ice_1
 18040101 18040102 18040103 18040104 18040105 18040106 18040107 18040108
 18040201 18040202 18040203 18040204 18040205 18040206 18040207 18040208
 18040301 18040302 18040303 18040304 18040305 18040306 18040307 18040308
 18040401 18040402 18040403 18040404 18040405 18040406 18040407 18040408
 18040501 18040502 18040503 18040504 18040505 18040506 18040507 18040508
 18040601 18040602 18040603 18040604 18040605 18040606 18040607 18040608
 
