        2004          12          31           0           0           0
           0
           0           0           0           0           0           0
           0
        2004          12          31           0           0           0
           0
           0           0           0           0           0           0
           0
        2004          12          31           0           0           0
           0
           0           0           0           0           0           0
           0
        2004          12          31           0           0           0
           0
           0           0           0           0           0           0
           0
        2004          12          31           0           0           0
           0
           0           0           0           0           0           0
           0
        2004          12          31           0           3           0
         180
        2004          12          31           0           0           0
         180
        2004          12          31           0           0           0
           0
           0           0           0           0           0           0
           0
        2004          12          31           0           5          30
          30
        2004          12          31           0           5           0
          30
        2004          12          31           0           0           0
           0
           0           0           0           0           0           0
           0
        2004          12          31           0           0           0
           0
           0           0           0           0           0           0
           0
 io_1                            
        9999          99          99          99          99          99
           4
        4102
           3
           1
 ice_1                           
        2004          12          31           0           5          30
           4
        4101
           3
           1
