        2004          12          31           0           0           0
           0
           0           0           0           0           0           0
           0
        2004          12          31           0           5           0
          60
        2004          12          31           0           4           0
          60
        2004          12          31           0           0           0
           0
           0           0           0           0           0           0
           0
        2004          12          31           0           5          30
          30
        2004          12          31           0           5           0
          30
        2004          12          31           0           0           0
           0
           0           0           0           0           0           0
           0
        2004          12          31           0           0           0
           0
           0           0           0           0           0           0
           0
        2004          12          31           0           0           0
           0
           0           0           0           0           0           0
           0
        2004          12          31           0           0           0
           0
           0           0           0           0           0           0
           0
        2004          12          31           0           0           0
           0
           0           0           0           0           0           0
           0
        2004          12          31           0           0           0
           0
           0           0           0           0           0           0
           0
 land_1                          
        2004          12          31           0           5          30
           2
        2101
           3
           1
