        2004          12          31           0           0           0
           0
           0           0           0           0           0           0
           0
        2004          12          31           0           0           0
           0
           0           0           0           0           0           0
           0
        2004          12          31           0           0           0
           0
           0           0           0           0           0           0
           0
        2004          12          31           0           0           0
           0
           0           0           0           0           0           0
           0
        2004          12          31           0           0           0
           0
           0           0           0           0           0           0
           0
        2004          12          31           0           9           0
         180
        2004          12          31           0           6           0
         180
        2004          12          31           0           0           0
           0
           0           0           0           0           0           0
           0
        2004          12          31           0          11          30
          30
        2004          12          31           0          11           0
          30
        2004          12          31           0           0           0
           0
           0           0           0           0           0           0
           0
        2004          12          31           0           0           0
           0
           0           0           0           0           0           0
           0
 oi_1                            
        9999          99          99          99          99          99
           3
        3102
           3
           1
 ocn_1                           
        2004          12          31           0           9           0
           3
        3101
           3
           1
 ocn_1                           
        2004          12          31           0           6           0
           3
        3101
           3
           1
