 atm_1
    10101    10102    10103    10104    10105    10106    10107    10108
    10201    10202    10203    10204    10205    10206    10207    10208
    10301    10302    10303    10304    10305    10306    10307    10308
    10401    10402    10403    10404    10405    10406    10407    10408
    10501    10502    10503    10504    10505    10506    10507    10508
    10601    10602    10603    10604    10605    10606    10607    10608
 
 atm_2
    10101    10102    10103    10104    10105    10106    10107    10108
    10201    10202    10203    10204    10205    10206    10207    10208
    10301    10302    10303    10304    10305    10306    10307    10308
    10401    10402    10403    10404    10405    10406    10407    10408
    10501    10502    10503    10504    10505    10506    10507    10508
    10601    10602    10603    10604    10605    10606    10607    10608
 
 atm_3
    10101    10102    10103    10104    10105    10106    10107    10108
    10201    10202    10203    10204    10205    10206    10207    10208
    10301    10302    10303    10304    10305    10306    10307    10308
    10401    10402    10403    10404    10405    10406    10407    10408
    10501    10502    10503    10504    10505    10506    10507    10508
    10601    10602    10603    10604    10605    10606    10607    10608
 
 atm_4
    40101    40102    40103    40104    40105    40106    40107    40108
    40201    40202    40203    40204    40205    40206    40207    40208
    40301    40302    40303    40304    40305    40306    40307    40308
    40401    40402    40403    40404    40405    40406    40407    40408
    40501    40502    40503    40504    40505    40506    40507    40508
    40601    40602    40603    40604    40605    40606    40607    40608
 
 atm_4
    50101    50102    50103    50104    50105    50106    50107    50108
    50201    50202    50203    50204    50205    50206    50207    50208
    50301    50302    50303    50304    50305    50306    50307    50308
    50401    50402    50403    50404    50405    50406    50407    50408
    50501    50502    50503    50504    50505    50506    50507    50508
    50601    50602    50603    50604    50605    50606    50607    50608
 
 atm_4
    60101    60102    60103    60104    60105    60106    60107    60108
    60201    60202    60203    60204    60205    60206    60207    60208
    60301    60302    60303    60304    60305    60306    60307    60308
    60401    60402    60403    60404    60405    60406    60407    60408
    60501    60502    60503    60504    60505    60506    60507    60508
    60601    60602    60603    60604    60605    60606    60607    60608
 
 atm_4
    70101    70102    70103    70104    70105    70106    70107    70108
    70201    70202    70203    70204    70205    70206    70207    70208
    70301    70302    70303    70304    70305    70306    70307    70308
    70401    70402    70403    70404    70405    70406    70407    70408
    70501    70502    70503    70504    70505    70506    70507    70508
    70601    70602    70603    70604    70605    70606    70607    70608
 
 atm_4
    80101    80102    80103    80104    80105    80106    80107    80108
    80201    80202    80203    80204    80205    80206    80207    80208
    80301    80302    80303    80304    80305    80306    80307    80308
    80401    80402    80403    80404    80405    80406    80407    80408
    80501    80502    80503    80504    80505    80506    80507    80508
    80601    80602    80603    80604    80605    80606    80607    80608
 
 atm_4
    90101    90102    90103    90104    90105    90106    90107    90108
    90201    90202    90203    90204    90205    90206    90207    90208
    90301    90302    90303    90304    90305    90306    90307    90308
    90401    90402    90403    90404    90405    90406    90407    90408
    90501    90502    90503    90504    90505    90506    90507    90508
    90601    90602    90603    90604    90605    90606    90607    90608
 
 atm_5
    50101    50102    50103    50104    50105    50106    50107    50108
    50201    50202    50203    50204    50205    50206    50207    50208
    50301    50302    50303    50304    50305    50306    50307    50308
    50401    50402    50403    50404    50405    50406    50407    50408
    50501    50502    50503    50504    50505    50506    50507    50508
    50601    50602    50603    50604    50605    50606    50607    50608
 
 atm_5
    60101    60102    60103    60104    60105    60106    60107    60108
    60201    60202    60203    60204    60205    60206    60207    60208
    60301    60302    60303    60304    60305    60306    60307    60308
    60401    60402    60403    60404    60405    60406    60407    60408
    60501    60502    60503    60504    60505    60506    60507    60508
    60601    60602    60603    60604    60605    60606    60607    60608
 
 atm_5
    70101    70102    70103    70104    70105    70106    70107    70108
    70201    70202    70203    70204    70205    70206    70207    70208
    70301    70302    70303    70304    70305    70306    70307    70308
    70401    70402    70403    70404    70405    70406    70407    70408
    70501    70502    70503    70504    70505    70506    70507    70508
    70601    70602    70603    70604    70605    70606    70607    70608
 
 atm_5
    80101    80102    80103    80104    80105    80106    80107    80108
    80201    80202    80203    80204    80205    80206    80207    80208
    80301    80302    80303    80304    80305    80306    80307    80308
    80401    80402    80403    80404    80405    80406    80407    80408
    80501    80502    80503    80504    80505    80506    80507    80508
    80601    80602    80603    80604    80605    80606    80607    80608
 
 atm_5
    90101    90102    90103    90104    90105    90106    90107    90108
    90201    90202    90203    90204    90205    90206    90207    90208
    90301    90302    90303    90304    90305    90306    90307    90308
    90401    90402    90403    90404    90405    90406    90407    90408
    90501    90502    90503    90504    90505    90506    90507    90508
    90601    90602    90603    90604    90605    90606    90607    90608
 
 atm_5
   100101   100102   100103   100104   100105   100106   100107   100108
   100201   100202   100203   100204   100205   100206   100207   100208
   100301   100302   100303   100304   100305   100306   100307   100308
   100401   100402   100403   100404   100405   100406   100407   100408
   100501   100502   100503   100504   100505   100506   100507   100508
   100601   100602   100603   100604   100605   100606   100607   100608
 
 land_1
    20101    20102    20103    20104    20105    20106    20107    20108
    20201    20202    20203    20204    20205    20206    20207    20208
    20301    20302    20303    20304    20305    20306    20307    20308
    20401    20402    20403    20404    20405    20406    20407    20408
    20501    20502    20503    20504    20505    20506    20507    20508
    20601    20602    20603    20604    20605    20606    20607    20608
 
 ice_1
    40101    40102    40103    40104    40105    40106    40107    40108
    40201    40202    40203    40204    40205    40206    40207    40208
    40301    40302    40303    40304    40305    40306    40307    40308
    40401    40402    40403    40404    40405    40406    40407    40408
    40501    40502    40503    40504    40505    40506    40507    40508
    40601    40602    40603    40604    40605    40606    40607    40608
 
 atm_1
  2010101  2010102  2010103  2010104  2010105  2010106  2010107  2010108
  2010201  2010202  2010203  2010204  2010205  2010206  2010207  2010208
  2010301  2010302  2010303  2010304  2010305  2010306  2010307  2010308
  2010401  2010402  2010403  2010404  2010405  2010406  2010407  2010408
  2010501  2010502  2010503  2010504  2010505  2010506  2010507  2010508
  2010601  2010602  2010603  2010604  2010605  2010606  2010607  2010608
 
 atm_2
  2010101  2010102  2010103  2010104  2010105  2010106  2010107  2010108
  2010201  2010202  2010203  2010204  2010205  2010206  2010207  2010208
  2010301  2010302  2010303  2010304  2010305  2010306  2010307  2010308
  2010401  2010402  2010403  2010404  2010405  2010406  2010407  2010408
  2010501  2010502  2010503  2010504  2010505  2010506  2010507  2010508
  2010601  2010602  2010603  2010604  2010605  2010606  2010607  2010608
 
 atm_3
  3010101  3010102  3010103  3010104  3010105  3010106  3010107  3010108
  3010201  3010202  3010203  3010204  3010205  3010206  3010207  3010208
  3010301  3010302  3010303  3010304  3010305  3010306  3010307  3010308
  3010401  3010402  3010403  3010404  3010405  3010406  3010407  3010408
  3010501  3010502  3010503  3010504  3010505  3010506  3010507  3010508
  3010601  3010602  3010603  3010604  3010605  3010606  3010607  3010608
 
 atm_4
  2040101  2040102  2040103  2040104  2040105  2040106  2040107  2040108
  2040201  2040202  2040203  2040204  2040205  2040206  2040207  2040208
  2040301  2040302  2040303  2040304  2040305  2040306  2040307  2040308
  2040401  2040402  2040403  2040404  2040405  2040406  2040407  2040408
  2040501  2040502  2040503  2040504  2040505  2040506  2040507  2040508
  2040601  2040602  2040603  2040604  2040605  2040606  2040607  2040608
 
 atm_4
  2050101  2050102  2050103  2050104  2050105  2050106  2050107  2050108
  2050201  2050202  2050203  2050204  2050205  2050206  2050207  2050208
  2050301  2050302  2050303  2050304  2050305  2050306  2050307  2050308
  2050401  2050402  2050403  2050404  2050405  2050406  2050407  2050408
  2050501  2050502  2050503  2050504  2050505  2050506  2050507  2050508
  2050601  2050602  2050603  2050604  2050605  2050606  2050607  2050608
 
 atm_4
  2060101  2060102  2060103  2060104  2060105  2060106  2060107  2060108
  2060201  2060202  2060203  2060204  2060205  2060206  2060207  2060208
  2060301  2060302  2060303  2060304  2060305  2060306  2060307  2060308
  2060401  2060402  2060403  2060404  2060405  2060406  2060407  2060408
  2060501  2060502  2060503  2060504  2060505  2060506  2060507  2060508
  2060601  2060602  2060603  2060604  2060605  2060606  2060607  2060608
 
 atm_4
  2070101  2070102  2070103  2070104  2070105  2070106  2070107  2070108
  2070201  2070202  2070203  2070204  2070205  2070206  2070207  2070208
  2070301  2070302  2070303  2070304  2070305  2070306  2070307  2070308
  2070401  2070402  2070403  2070404  2070405  2070406  2070407  2070408
  2070501  2070502  2070503  2070504  2070505  2070506  2070507  2070508
  2070601  2070602  2070603  2070604  2070605  2070606  2070607  2070608
 
 atm_4
  2080100  2080102  2080103  2080103  2080105  2080106  2080106  2080108
  2080201  2080202  2080202  2080204  2080205  2080205  2080207  2080208
  2080301  2080301  2080303  2080304  2080304  2080306  2080307  2080307
  2080400  2080402  2080403  2080403  2080405  2080406  2080406  2080408
  2080501  2080502  2080502  2080504  2080505  2080505  2080507  2080508
  2080601  2080601  2080603  2080604  2080604  2080606  2080607  2080607
 
 atm_4
  2090101  2090102  2090102  2090104  2090105  2090105  2090107  2090108
  2090201  2090201  2090203  2090204  2090204  2090206  2090207  2090207
  2090300  2090302  2090303  2090303  2090305  2090306  2090306  2090308
  2090401  2090402  2090402  2090404  2090405  2090405  2090407  2090408
  2090501  2090501  2090503  2090504  2090504  2090506  2090507  2090507
  2090600  2090602  2090603  2090603  2090605  2090606  2090606  2090608
 
 atm_5
  3050101  3050102  3050103  3050104  3050105  3050106  3050107  3050108
  3050201  3050202  3050203  3050204  3050205  3050206  3050207  3050208
  3050301  3050302  3050303  3050304  3050305  3050306  3050307  3050308
  3050401  3050402  3050403  3050404  3050405  3050406  3050407  3050408
  3050501  3050502  3050503  3050504  3050505  3050506  3050507  3050508
  3050601  3050602  3050603  3050604  3050605  3050606  3050607  3050608
 
 atm_5
  3060101  3060102  3060103  3060104  3060105  3060106  3060107  3060108
  3060201  3060202  3060203  3060204  3060205  3060206  3060207  3060208
  3060301  3060302  3060303  3060304  3060305  3060306  3060307  3060308
  3060401  3060402  3060403  3060404  3060405  3060406  3060407  3060408
  3060501  3060502  3060503  3060504  3060505  3060506  3060507  3060508
  3060601  3060602  3060603  3060604  3060605  3060606  3060607  3060608
 
 atm_5
  3070101  3070102  3070103  3070104  3070105  3070106  3070107  3070108
  3070201  3070202  3070203  3070204  3070205  3070206  3070207  3070208
  3070301  3070302  3070303  3070304  3070305  3070306  3070307  3070308
  3070401  3070402  3070403  3070404  3070405  3070406  3070407  3070408
  3070501  3070502  3070503  3070504  3070505  3070506  3070507  3070508
  3070601  3070602  3070603  3070604  3070605  3070606  3070607  3070608
 
 atm_5
  3080101  3080102  3080103  3080104  3080105  3080106  3080107  3080108
  3080201  3080202  3080203  3080204  3080205  3080206  3080207  3080208
  3080301  3080302  3080303  3080304  3080305  3080306  3080307  3080308
  3080401  3080402  3080403  3080404  3080405  3080406  3080407  3080408
  3080501  3080502  3080503  3080504  3080505  3080506  3080507  3080508
  3080601  3080602  3080603  3080604  3080605  3080606  3080607  3080608
 
 atm_5
  3090101  3090102  3090103  3090104  3090105  3090106  3090107  3090108
  3090201  3090202  3090203  3090204  3090205  3090206  3090207  3090208
  3090301  3090302  3090303  3090304  3090305  3090306  3090307  3090308
  3090401  3090402  3090403  3090404  3090405  3090406  3090407  3090408
  3090501  3090502  3090503  3090504  3090505  3090506  3090507  3090508
  3090601  3090602  3090603  3090604  3090605  3090606  3090607  3090608
 
 atm_5
  3100101  3100102  3100103  3100104  3100105  3100106  3100107  3100108
  3100201  3100202  3100203  3100204  3100205  3100206  3100207  3100208
  3100301  3100302  3100303  3100304  3100305  3100306  3100307  3100308
  3100401  3100402  3100403  3100404  3100405  3100406  3100407  3100408
  3100501  3100502  3100503  3100504  3100505  3100506  3100507  3100508
  3100601  3100602  3100603  3100604  3100605  3100606  3100607  3100608
 
 land_1
  6020101  6020102  6020103  6020104  6020105  6020106  6020107  6020108
  6020201  6020202  6020203  6020204  6020205  6020206  6020207  6020208
  6020301  6020302  6020303  6020304  6020305  6020306  6020307  6020308
  6020401  6020402  6020403  6020404  6020405  6020406  6020407  6020408
  6020501  6020502  6020503  6020504  6020505  6020506  6020507  6020508
  6020601  6020602  6020603  6020604  6020605  6020606  6020607  6020608
 
 ice_1
  6040101  6040102  6040103  6040104  6040105  6040106  6040107  6040108
  6040201  6040202  6040203  6040204  6040205  6040206  6040207  6040208
  6040301  6040302  6040303  6040304  6040305  6040306  6040307  6040308
  6040401  6040402  6040403  6040404  6040405  6040406  6040407  6040408
  6040501  6040502  6040503  6040504  6040505  6040506  6040507  6040508
  6040601  6040602  6040603  6040604  6040605  6040606  6040607  6040608
 
 atm_1
  5010101  5010102  5010103  5010104  5010105  5010106  5010107  5010108
  5010201  5010202  5010203  5010204  5010205  5010206  5010207  5010208
  5010301  5010302  5010303  5010304  5010305  5010306  5010307  5010308
  5010401  5010402  5010403  5010404  5010405  5010406  5010407  5010408
  5010501  5010502  5010503  5010504  5010505  5010506  5010507  5010508
  5010601  5010602  5010603  5010604  5010605  5010606  5010607  5010608
 
 atm_2
  5010101  5010102  5010103  5010104  5010105  5010106  5010107  5010108
  5010201  5010202  5010203  5010204  5010205  5010206  5010207  5010208
  5010301  5010302  5010303  5010304  5010305  5010306  5010307  5010308
  5010401  5010402  5010403  5010404  5010405  5010406  5010407  5010408
  5010501  5010502  5010503  5010504  5010505  5010506  5010507  5010508
  5010601  5010602  5010603  5010604  5010605  5010606  5010607  5010608
 
 atm_3
  6010101  6010102  6010103  6010104  6010105  6010106  6010107  6010108
  6010201  6010202  6010203  6010204  6010205  6010206  6010207  6010208
  6010301  6010302  6010303  6010304  6010305  6010306  6010307  6010308
  6010401  6010402  6010403  6010404  6010405  6010406  6010407  6010408
  6010501  6010502  6010503  6010504  6010505  6010506  6010507  6010508
  6010601  6010602  6010603  6010604  6010605  6010606  6010607  6010608
 
 atm_4
  5040101  5040102  5040103  5040104  5040105  5040106  5040107  5040108
  5040201  5040202  5040203  5040204  5040205  5040206  5040207  5040208
  5040301  5040302  5040303  5040304  5040305  5040306  5040307  5040308
  5040401  5040402  5040403  5040404  5040405  5040406  5040407  5040408
  5040501  5040502  5040503  5040504  5040505  5040506  5040507  5040508
  5040601  5040602  5040603  5040604  5040605  5040606  5040607  5040608
 
 atm_4
  5050101  5050102  5050103  5050104  5050105  5050106  5050107  5050108
  5050201  5050202  5050203  5050204  5050205  5050206  5050207  5050208
  5050301  5050302  5050303  5050304  5050305  5050306  5050307  5050308
  5050401  5050402  5050403  5050404  5050405  5050406  5050407  5050408
  5050501  5050502  5050503  5050504  5050505  5050506  5050507  5050508
  5050601  5050602  5050603  5050604  5050605  5050606  5050607  5050608
 
 atm_4
  5060101  5060102  5060103  5060104  5060105  5060106  5060107  5060108
  5060201  5060202  5060203  5060204  5060205  5060206  5060207  5060208
  5060301  5060302  5060303  5060304  5060305  5060306  5060307  5060308
  5060401  5060402  5060403  5060404  5060405  5060406  5060407  5060408
  5060501  5060502  5060503  5060504  5060505  5060506  5060507  5060508
  5060601  5060602  5060603  5060604  5060605  5060606  5060607  5060608
 
 atm_4
  5070101  5070102  5070103  5070104  5070105  5070106  5070107  5070108
  5070201  5070202  5070203  5070204  5070205  5070206  5070207  5070208
  5070301  5070302  5070303  5070304  5070305  5070306  5070307  5070308
  5070401  5070402  5070403  5070404  5070405  5070406  5070407  5070408
  5070501  5070502  5070503  5070504  5070505  5070506  5070507  5070508
  5070601  5070602  5070603  5070604  5070605  5070606  5070607  5070608
 
 atm_4
  5080101  5080102  5080103  5080104  5080105  5080106  5080107  5080108
  5080201  5080202  5080203  5080204  5080205  5080206  5080207  5080208
  5080301  5080302  5080303  5080304  5080305  5080306  5080307  5080308
  5080401  5080402  5080403  5080404  5080405  5080406  5080407  5080408
  5080501  5080502  5080503  5080504  5080505  5080506  5080507  5080508
  5080601  5080602  5080603  5080604  5080605  5080606  5080607  5080608
 
 atm_4
  5090101  5090102  5090103  5090104  5090105  5090106  5090107  5090108
  5090201  5090202  5090203  5090204  5090205  5090206  5090207  5090208
  5090301  5090302  5090303  5090304  5090305  5090306  5090307  5090308
  5090401  5090402  5090403  5090404  5090405  5090406  5090407  5090408
  5090501  5090502  5090503  5090504  5090505  5090506  5090507  5090508
  5090601  5090602  5090603  5090604  5090605  5090606  5090607  5090608
 
 atm_5
  6050101  6050102  6050103  6050104  6050105  6050106  6050107  6050108
  6050201  6050202  6050203  6050204  6050205  6050206  6050207  6050208
  6050301  6050302  6050303  6050304  6050305  6050306  6050307  6050308
  6050401  6050402  6050403  6050404  6050405  6050406  6050407  6050408
  6050501  6050502  6050503  6050504  6050505  6050506  6050507  6050508
  6050601  6050602  6050603  6050604  6050605  6050606  6050607  6050608
 
 atm_5
  6060101  6060102  6060103  6060104  6060105  6060106  6060107  6060108
  6060201  6060202  6060203  6060204  6060205  6060206  6060207  6060208
  6060301  6060302  6060303  6060304  6060305  6060306  6060307  6060308
  6060401  6060402  6060403  6060404  6060405  6060406  6060407  6060408
  6060501  6060502  6060503  6060504  6060505  6060506  6060507  6060508
  6060601  6060602  6060603  6060604  6060605  6060606  6060607  6060608
 
 atm_5
  6070101  6070102  6070103  6070104  6070105  6070106  6070107  6070108
  6070201  6070202  6070203  6070204  6070205  6070206  6070207  6070208
  6070301  6070302  6070303  6070304  6070305  6070306  6070307  6070308
  6070401  6070402  6070403  6070404  6070405  6070406  6070407  6070408
  6070501  6070502  6070503  6070504  6070505  6070506  6070507  6070508
  6070601  6070602  6070603  6070604  6070605  6070606  6070607  6070608
 
 atm_5
  6080101  6080102  6080103  6080104  6080105  6080106  6080107  6080108
  6080201  6080202  6080203  6080204  6080205  6080206  6080207  6080208
  6080301  6080302  6080303  6080304  6080305  6080306  6080307  6080308
  6080401  6080402  6080403  6080404  6080405  6080406  6080407  6080408
  6080501  6080502  6080503  6080504  6080505  6080506  6080507  6080508
  6080601  6080602  6080603  6080604  6080605  6080606  6080607  6080608
 
 atm_5
  6090101  6090102  6090103  6090104  6090105  6090106  6090107  6090108
  6090201  6090202  6090203  6090204  6090205  6090206  6090207  6090208
  6090301  6090302  6090303  6090304  6090305  6090306  6090307  6090308
  6090401  6090402  6090403  6090404  6090405  6090406  6090407  6090408
  6090501  6090502  6090503  6090504  6090505  6090506  6090507  6090508
  6090601  6090602  6090603  6090604  6090605  6090606  6090607  6090608
 
 atm_5
  6100101  6100102  6100103  6100104  6100105  6100106  6100107  6100108
  6100201  6100202  6100203  6100204  6100205  6100206  6100207  6100208
  6100301  6100302  6100303  6100304  6100305  6100306  6100307  6100308
  6100401  6100402  6100403  6100404  6100405  6100406  6100407  6100408
  6100501  6100502  6100503  6100504  6100505  6100506  6100507  6100508
  6100601  6100602  6100603  6100604  6100605  6100606  6100607  6100608
 
 land_1
 12020101 12020102 12020103 12020104 12020105 12020106 12020107 12020108
 12020201 12020202 12020203 12020204 12020205 12020206 12020207 12020208
 12020301 12020302 12020303 12020304 12020305 12020306 12020307 12020308
 12020401 12020402 12020403 12020404 12020405 12020406 12020407 12020408
 12020501 12020502 12020503 12020504 12020505 12020506 12020507 12020508
 12020601 12020602 12020603 12020604 12020605 12020606 12020607 12020608
 
 ice_1
 12040101 12040102 12040103 12040104 12040105 12040106 12040107 12040108
 12040201 12040202 12040203 12040204 12040205 12040206 12040207 12040208
 12040301 12040302 12040303 12040304 12040305 12040306 12040307 12040308
 12040401 12040402 12040403 12040404 12040405 12040406 12040407 12040408
 12040501 12040502 12040503 12040504 12040505 12040506 12040507 12040508
 12040601 12040602 12040603 12040604 12040605 12040606 12040607 12040608
 
 atm_1
  8010101  8010101  8010103  8010104  8010104  8010106  8010107  8010107
  8010200  8010202  8010203  8010203  8010205  8010206  8010206  8010208
  8010301  8010302  8010302  8010304  8010305  8010305  8010307  8010308
  8010401  8010401  8010403  8010404  8010404  8010406  8010407  8010407
  8010500  8010502  8010503  8010503  8010505  8010506  8010506  8010508
  8010601  8010602  8010602  8010604  8010605  8010605  8010607  8010608
 
 atm_2
  8010101  8010101  8010103  8010104  8010104  8010106  8010107  8010107
  8010200  8010202  8010203  8010203  8010205  8010206  8010206  8010208
  8010301  8010302  8010302  8010304  8010305  8010305  8010307  8010308
  8010401  8010401  8010403  8010404  8010404  8010406  8010407  8010407
  8010500  8010502  8010503  8010503  8010505  8010506  8010506  8010508
  8010601  8010602  8010602  8010604  8010605  8010605  8010607  8010608
 
 atm_3
  9010101  9010102  9010103  9010104  9010105  9010106  9010107  9010108
  9010201  9010202  9010203  9010204  9010205  9010206  9010207  9010208
  9010301  9010302  9010303  9010304  9010305  9010306  9010307  9010308
  9010401  9010402  9010403  9010404  9010405  9010406  9010407  9010408
  9010501  9010502  9010503  9010504  9010505  9010506  9010507  9010508
  9010601  9010602  9010603  9010604  9010605  9010606  9010607  9010608
 
 atm_4
  8040101  8040101  8040103  8040104  8040104  8040106  8040107  8040107
  8040200  8040202  8040203  8040203  8040205  8040206  8040206  8040208
  8040301  8040302  8040302  8040304  8040305  8040305  8040307  8040308
  8040401  8040401  8040403  8040404  8040404  8040406  8040407  8040407
  8040500  8040502  8040503  8040503  8040505  8040506  8040506  8040508
  8040601  8040602  8040602  8040604  8040605  8040605  8040607  8040608
 
 atm_4
  8050100  8050102  8050103  8050103  8050105  8050106  8050106  8050108
  8050201  8050202  8050202  8050204  8050205  8050205  8050207  8050208
  8050301  8050301  8050303  8050304  8050304  8050306  8050307  8050307
  8050400  8050402  8050403  8050403  8050405  8050406  8050406  8050408
  8050501  8050502  8050502  8050504  8050505  8050505  8050507  8050508
  8050601  8050601  8050603  8050604  8050604  8050606  8050607  8050607
 
 atm_4
  8060101  8060102  8060102  8060104  8060105  8060105  8060107  8060108
  8060201  8060201  8060203  8060204  8060204  8060206  8060207  8060207
  8060300  8060302  8060303  8060303  8060305  8060306  8060306  8060308
  8060401  8060402  8060402  8060404  8060405  8060405  8060407  8060408
  8060501  8060501  8060503  8060504  8060504  8060506  8060507  8060507
  8060600  8060602  8060603  8060603  8060605  8060606  8060606  8060608
 
 atm_4
  8070101  8070101  8070103  8070104  8070104  8070106  8070107  8070107
  8070200  8070202  8070203  8070203  8070205  8070206  8070206  8070208
  8070301  8070302  8070302  8070304  8070305  8070305  8070307  8070308
  8070401  8070401  8070403  8070404  8070404  8070406  8070407  8070407
  8070500  8070502  8070503  8070503  8070505  8070506  8070506  8070508
  8070601  8070602  8070602  8070604  8070605  8070605  8070607  8070608
 
 atm_4
  8080100  8080102  8080103  8080103  8080105  8080106  8080106  8080108
  8080201  8080202  8080202  8080204  8080205  8080205  8080207  8080208
  8080301  8080301  8080303  8080304  8080304  8080306  8080307  8080307
  8080400  8080402  8080403  8080403  8080405  8080406  8080406  8080408
  8080501  8080502  8080502  8080504  8080505  8080505  8080507  8080508
  8080601  8080601  8080603  8080604  8080604  8080606  8080607  8080607
 
 atm_4
  8090101  8090102  8090102  8090104  8090105  8090105  8090107  8090108
  8090201  8090201  8090203  8090204  8090204  8090206  8090207  8090207
  8090300  8090302  8090303  8090303  8090305  8090306  8090306  8090308
  8090401  8090402  8090402  8090404  8090405  8090405  8090407  8090408
  8090501  8090501  8090503  8090504  8090504  8090506  8090507  8090507
  8090600  8090602  8090603  8090603  8090605  8090606  8090606  8090608
 
 atm_5
  9050101  9050102  9050103  9050104  9050105  9050106  9050107  9050108
  9050201  9050202  9050203  9050204  9050205  9050206  9050207  9050208
  9050301  9050302  9050303  9050304  9050305  9050306  9050307  9050308
  9050401  9050402  9050403  9050404  9050405  9050406  9050407  9050408
  9050501  9050502  9050503  9050504  9050505  9050506  9050507  9050508
  9050601  9050602  9050603  9050604  9050605  9050606  9050607  9050608
 
 atm_5
  9060101  9060102  9060103  9060104  9060105  9060106  9060107  9060108
  9060201  9060202  9060203  9060204  9060205  9060206  9060207  9060208
  9060301  9060302  9060303  9060304  9060305  9060306  9060307  9060308
  9060401  9060402  9060403  9060404  9060405  9060406  9060407  9060408
  9060501  9060502  9060503  9060504  9060505  9060506  9060507  9060508
  9060601  9060602  9060603  9060604  9060605  9060606  9060607  9060608
 
 atm_5
  9070101  9070102  9070103  9070104  9070105  9070106  9070107  9070108
  9070201  9070202  9070203  9070204  9070205  9070206  9070207  9070208
  9070301  9070302  9070303  9070304  9070305  9070306  9070307  9070308
  9070401  9070402  9070403  9070404  9070405  9070406  9070407  9070408
  9070501  9070502  9070503  9070504  9070505  9070506  9070507  9070508
  9070601  9070602  9070603  9070604  9070605  9070606  9070607  9070608
 
 atm_5
  9080101  9080102  9080103  9080104  9080105  9080106  9080107  9080108
  9080201  9080202  9080203  9080204  9080205  9080206  9080207  9080208
  9080301  9080302  9080303  9080304  9080305  9080306  9080307  9080308
  9080401  9080402  9080403  9080404  9080405  9080406  9080407  9080408
  9080501  9080502  9080503  9080504  9080505  9080506  9080507  9080508
  9080601  9080602  9080603  9080604  9080605  9080606  9080607  9080608
 
 atm_5
  9090101  9090102  9090103  9090104  9090105  9090106  9090107  9090108
  9090201  9090202  9090203  9090204  9090205  9090206  9090207  9090208
  9090301  9090302  9090303  9090304  9090305  9090306  9090307  9090308
  9090401  9090402  9090403  9090404  9090405  9090406  9090407  9090408
  9090501  9090502  9090503  9090504  9090505  9090506  9090507  9090508
  9090601  9090602  9090603  9090604  9090605  9090606  9090607  9090608
 
 atm_5
  9100101  9100102  9100103  9100104  9100105  9100106  9100107  9100108
  9100201  9100202  9100203  9100204  9100205  9100206  9100207  9100208
  9100301  9100302  9100303  9100304  9100305  9100306  9100307  9100308
  9100401  9100402  9100403  9100404  9100405  9100406  9100407  9100408
  9100501  9100502  9100503  9100504  9100505  9100506  9100507  9100508
  9100601  9100602  9100603  9100604  9100605  9100606  9100607  9100608
 
 land_1
 18020101 18020102 18020103 18020104 18020105 18020106 18020107 18020108
 18020201 18020202 18020203 18020204 18020205 18020206 18020207 18020208
 18020301 18020302 18020303 18020304 18020305 18020306 18020307 18020308
 18020401 18020402 18020403 18020404 18020405 18020406 18020407 18020408
 18020501 18020502 18020503 18020504 18020505 18020506 18020507 18020508
 18020601 18020602 18020603 18020604 18020605 18020606 18020607 18020608
 
 ice_1
 18040101 18040102 18040103 18040104 18040105 18040106 18040107 18040108
 18040201 18040202 18040203 18040204 18040205 18040206 18040207 18040208
 18040301 18040302 18040303 18040304 18040305 18040306 18040307 18040308
 18040401 18040402 18040403 18040404 18040405 18040406 18040407 18040408
 18040501 18040502 18040503 18040504 18040505 18040506 18040507 18040508
 18040601 18040602 18040603 18040604 18040605 18040606 18040607 18040608
 
