 atm_1
    10101    10102    10103    10104    10105    10106    10107    10108
    10201    10202    10203    10204    10205    10206    10207    10208
    10301    10302    10303    10304    10305    10306    10307    10308
    10401    10402    10403    10404    10405    10406    10407    10408
    10501    10502    10503    10504    10505    10506    10507    10508
    10601    10602    10603    10604    10605    10606    10607    10608
 
 atm_2
    10101    10102    10103    10104    10105    10106    10107    10108
    10201    10202    10203    10204    10205    10206    10207    10208
    10301    10302    10303    10304    10305    10306    10307    10308
    10401    10402    10403    10404    10405    10406    10407    10408
    10501    10502    10503    10504    10505    10506    10507    10508
    10601    10602    10603    10604    10605    10606    10607    10608
 
 atm_3
    10101    10102    10103    10104    10105    10106    10107    10108
    10201    10202    10203    10204    10205    10206    10207    10208
    10301    10302    10303    10304    10305    10306    10307    10308
    10401    10402    10403    10404    10405    10406    10407    10408
    10501    10502    10503    10504    10505    10506    10507    10508
    10601    10602    10603    10604    10605    10606    10607    10608
 
 atm_4
    40101    40102    40103    40104    40105    40106    40107    40108
    40201    40202    40203    40204    40205    40206    40207    40208
    40301    40302    40303    40304    40305    40306    40307    40308
    40401    40402    40403    40404    40405    40406    40407    40408
    40501    40502    40503    40504    40505    40506    40507    40508
    40601    40602    40603    40604    40605    40606    40607    40608
 
 atm_4
    50101    50102    50103    50104    50105    50106    50107    50108
    50201    50202    50203    50204    50205    50206    50207    50208
    50301    50302    50303    50304    50305    50306    50307    50308
    50401    50402    50403    50404    50405    50406    50407    50408
    50501    50502    50503    50504    50505    50506    50507    50508
    50601    50602    50603    50604    50605    50606    50607    50608
 
 atm_4
    60101    60102    60103    60104    60105    60106    60107    60108
    60201    60202    60203    60204    60205    60206    60207    60208
    60301    60302    60303    60304    60305    60306    60307    60308
    60401    60402    60403    60404    60405    60406    60407    60408
    60501    60502    60503    60504    60505    60506    60507    60508
    60601    60602    60603    60604    60605    60606    60607    60608
 
 atm_4
    70101    70102    70103    70104    70105    70106    70107    70108
    70201    70202    70203    70204    70205    70206    70207    70208
    70301    70302    70303    70304    70305    70306    70307    70308
    70401    70402    70403    70404    70405    70406    70407    70408
    70501    70502    70503    70504    70505    70506    70507    70508
    70601    70602    70603    70604    70605    70606    70607    70608
 
 atm_4
    80101    80102    80103    80104    80105    80106    80107    80108
    80201    80202    80203    80204    80205    80206    80207    80208
    80301    80302    80303    80304    80305    80306    80307    80308
    80401    80402    80403    80404    80405    80406    80407    80408
    80501    80502    80503    80504    80505    80506    80507    80508
    80601    80602    80603    80604    80605    80606    80607    80608
 
 atm_5
    50101    50102    50103    50104    50105    50106    50107    50108
    50201    50202    50203    50204    50205    50206    50207    50208
    50301    50302    50303    50304    50305    50306    50307    50308
    50401    50402    50403    50404    50405    50406    50407    50408
    50501    50502    50503    50504    50505    50506    50507    50508
    50601    50602    50603    50604    50605    50606    50607    50608
 
 atm_5
    60101    60102    60103    60104    60105    60106    60107    60108
    60201    60202    60203    60204    60205    60206    60207    60208
    60301    60302    60303    60304    60305    60306    60307    60308
    60401    60402    60403    60404    60405    60406    60407    60408
    60501    60502    60503    60504    60505    60506    60507    60508
    60601    60602    60603    60604    60605    60606    60607    60608
 
 atm_5
    70101    70102    70103    70104    70105    70106    70107    70108
    70201    70202    70203    70204    70205    70206    70207    70208
    70301    70302    70303    70304    70305    70306    70307    70308
    70401    70402    70403    70404    70405    70406    70407    70408
    70501    70502    70503    70504    70505    70506    70507    70508
    70601    70602    70603    70604    70605    70606    70607    70608
 
 atm_5
    80101    80102    80103    80104    80105    80106    80107    80108
    80201    80202    80203    80204    80205    80206    80207    80208
    80301    80302    80303    80304    80305    80306    80307    80308
    80401    80402    80403    80404    80405    80406    80407    80408
    80501    80502    80503    80504    80505    80506    80507    80508
    80601    80602    80603    80604    80605    80606    80607    80608
 
 atm_5
    90101    90102    90103    90104    90105    90106    90107    90108
    90201    90202    90203    90204    90205    90206    90207    90208
    90301    90302    90303    90304    90305    90306    90307    90308
    90401    90402    90403    90404    90405    90406    90407    90408
    90501    90502    90503    90504    90505    90506    90507    90508
    90601    90602    90603    90604    90605    90606    90607    90608
 
 land_1
    20101    20102    20103    20104    20105    20106    20107    20108
    20201    20202    20203    20204    20205    20206    20207    20208
    20301    20302    20303    20304    20305    20306    20307    20308
    20401    20402    20403    20404    20405    20406    20407    20408
    20501    20502    20503    20504    20505    20506    20507    20508
    20601    20602    20603    20604    20605    20606    20607    20608
 
 ice_1
    40101    40102    40103    40104    40105    40106    40107    40108
    40201    40202    40203    40204    40205    40206    40207    40208
    40301    40302    40303    40304    40305    40306    40307    40308
    40401    40402    40403    40404    40405    40406    40407    40408
    40501    40502    40503    40504    40505    40506    40507    40508
    40601    40602    40603    40604    40605    40606    40607    40608
 
 atm_1
  2010101  2010102  2010103  2010104  2010105  2010106  2010107  2010108
  2010201  2010202  2010203  2010204  2010205  2010206  2010207  2010208
  2010301  2010302  2010303  2010304  2010305  2010306  2010307  2010308
  2010401  2010402  2010403  2010404  2010405  2010406  2010407  2010408
  2010501  2010502  2010503  2010504  2010505  2010506  2010507  2010508
  2010601  2010602  2010603  2010604  2010605  2010606  2010607  2010608
 
 atm_2
  2010101  2010102  2010103  2010104  2010105  2010106  2010107  2010108
  2010201  2010202  2010203  2010204  2010205  2010206  2010207  2010208
  2010301  2010302  2010303  2010304  2010305  2010306  2010307  2010308
  2010401  2010402  2010403  2010404  2010405  2010406  2010407  2010408
  2010501  2010502  2010503  2010504  2010505  2010506  2010507  2010508
  2010601  2010602  2010603  2010604  2010605  2010606  2010607  2010608
 
 atm_3
  3010101  3010102  3010103  3010104  3010105  3010106  3010107  3010108
  3010201  3010202  3010203  3010204  3010205  3010206  3010207  3010208
  3010301  3010302  3010303  3010304  3010305  3010306  3010307  3010308
  3010401  3010402  3010403  3010404  3010405  3010406  3010407  3010408
  3010501  3010502  3010503  3010504  3010505  3010506  3010507  3010508
  3010601  3010602  3010603  3010604  3010605  3010606  3010607  3010608
 
 atm_4
  2040101  2040102  2040103  2040104  2040105  2040106  2040107  2040108
  2040201  2040202  2040203  2040204  2040205  2040206  2040207  2040208
  2040301  2040302  2040303  2040304  2040305  2040306  2040307  2040308
  2040401  2040402  2040403  2040404  2040405  2040406  2040407  2040408
  2040501  2040502  2040503  2040504  2040505  2040506  2040507  2040508
  2040601  2040602  2040603  2040604  2040605  2040606  2040607  2040608
 
 atm_4
  2050101  2050102  2050103  2050104  2050105  2050106  2050107  2050108
  2050201  2050202  2050203  2050204  2050205  2050206  2050207  2050208
  2050301  2050302  2050303  2050304  2050305  2050306  2050307  2050308
  2050401  2050402  2050403  2050404  2050405  2050406  2050407  2050408
  2050501  2050502  2050503  2050504  2050505  2050506  2050507  2050508
  2050601  2050602  2050603  2050604  2050605  2050606  2050607  2050608
 
 atm_4
  2060101  2060102  2060103  2060104  2060105  2060106  2060107  2060108
  2060201  2060202  2060203  2060204  2060205  2060206  2060207  2060208
  2060301  2060302  2060303  2060304  2060305  2060306  2060307  2060308
  2060401  2060402  2060403  2060404  2060405  2060406  2060407  2060408
  2060501  2060502  2060503  2060504  2060505  2060506  2060507  2060508
  2060601  2060602  2060603  2060604  2060605  2060606  2060607  2060608
 
 atm_4
  2070101  2070102  2070103  2070104  2070105  2070106  2070107  2070108
  2070201  2070202  2070203  2070204  2070205  2070206  2070207  2070208
  2070301  2070302  2070303  2070304  2070305  2070306  2070307  2070308
  2070401  2070402  2070403  2070404  2070405  2070406  2070407  2070408
  2070501  2070502  2070503  2070504  2070505  2070506  2070507  2070508
  2070601  2070602  2070603  2070604  2070605  2070606  2070607  2070608
 
 atm_4
  2080100  2080102  2080103  2080103  2080105  2080106  2080106  2080108
  2080201  2080202  2080202  2080204  2080205  2080205  2080207  2080208
  2080301  2080301  2080303  2080304  2080304  2080306  2080307  2080307
  2080400  2080402  2080403  2080403  2080405  2080406  2080406  2080408
  2080501  2080502  2080502  2080504  2080505  2080505  2080507  2080508
  2080601  2080601  2080603  2080604  2080604  2080606  2080607  2080607
 
 atm_5
  3050101  3050102  3050103  3050104  3050105  3050106  3050107  3050108
  3050201  3050202  3050203  3050204  3050205  3050206  3050207  3050208
  3050301  3050302  3050303  3050304  3050305  3050306  3050307  3050308
  3050401  3050402  3050403  3050404  3050405  3050406  3050407  3050408
  3050501  3050502  3050503  3050504  3050505  3050506  3050507  3050508
  3050601  3050602  3050603  3050604  3050605  3050606  3050607  3050608
 
 atm_5
  3060101  3060102  3060103  3060104  3060105  3060106  3060107  3060108
  3060201  3060202  3060203  3060204  3060205  3060206  3060207  3060208
  3060301  3060302  3060303  3060304  3060305  3060306  3060307  3060308
  3060401  3060402  3060403  3060404  3060405  3060406  3060407  3060408
  3060501  3060502  3060503  3060504  3060505  3060506  3060507  3060508
  3060601  3060602  3060603  3060604  3060605  3060606  3060607  3060608
 
 atm_5
  3070101  3070102  3070103  3070104  3070105  3070106  3070107  3070108
  3070201  3070202  3070203  3070204  3070205  3070206  3070207  3070208
  3070301  3070302  3070303  3070304  3070305  3070306  3070307  3070308
  3070401  3070402  3070403  3070404  3070405  3070406  3070407  3070408
  3070501  3070502  3070503  3070504  3070505  3070506  3070507  3070508
  3070601  3070602  3070603  3070604  3070605  3070606  3070607  3070608
 
 atm_5
  3080101  3080102  3080103  3080104  3080105  3080106  3080107  3080108
  3080201  3080202  3080203  3080204  3080205  3080206  3080207  3080208
  3080301  3080302  3080303  3080304  3080305  3080306  3080307  3080308
  3080401  3080402  3080403  3080404  3080405  3080406  3080407  3080408
  3080501  3080502  3080503  3080504  3080505  3080506  3080507  3080508
  3080601  3080602  3080603  3080604  3080605  3080606  3080607  3080608
 
 atm_5
  3090101  3090102  3090103  3090104  3090105  3090106  3090107  3090108
  3090201  3090202  3090203  3090204  3090205  3090206  3090207  3090208
  3090301  3090302  3090303  3090304  3090305  3090306  3090307  3090308
  3090401  3090402  3090403  3090404  3090405  3090406  3090407  3090408
  3090501  3090502  3090503  3090504  3090505  3090506  3090507  3090508
  3090601  3090602  3090603  3090604  3090605  3090606  3090607  3090608
 
 land_1
  6020101  6020102  6020103  6020104  6020105  6020106  6020107  6020108
  6020201  6020202  6020203  6020204  6020205  6020206  6020207  6020208
  6020301  6020302  6020303  6020304  6020305  6020306  6020307  6020308
  6020401  6020402  6020403  6020404  6020405  6020406  6020407  6020408
  6020501  6020502  6020503  6020504  6020505  6020506  6020507  6020508
  6020601  6020602  6020603  6020604  6020605  6020606  6020607  6020608
 
 ice_1
  6040101  6040102  6040103  6040104  6040105  6040106  6040107  6040108
  6040201  6040202  6040203  6040204  6040205  6040206  6040207  6040208
  6040301  6040302  6040303  6040304  6040305  6040306  6040307  6040308
  6040401  6040402  6040403  6040404  6040405  6040406  6040407  6040408
  6040501  6040502  6040503  6040504  6040505  6040506  6040507  6040508
  6040601  6040602  6040603  6040604  6040605  6040606  6040607  6040608
 
