 atm_1
    10101    10102    10103    10104    10105    10106    10107    10108    10109    10110    10111    10112
    10201    10202    10203    10204    10205    10206    10207    10208    10209    10210    10211    10212
    10301    10302    10303    10304    10305    10306    10307    10308    10309    10310    10311    10312
    10401    10402    10403    10404    10405    10406    10407    10408    10409    10410    10411    10412
    10501    10502    10503    10504    10505    10506    10507    10508    10509    10510    10511    10512
    10601    10602    10603    10604    10605    10606    10607    10608    10609    10610    10611    10612
    10701    10702    10703    10704    10705    10706    10707    10708    10709    10710    10711    10712
    10801    10802    10803    10804    10805    10806    10807    10808    10809    10810    10811    10812
    10901    10902    10903    10904    10905    10906    10907    10908    10909    10910    10911    10912
    11001    11002    11003    11004    11005    11006    11007    11008    11009    11010    11011    11012
    11101    11102    11103    11104    11105    11106    11107    11108    11109    11110    11111    11112
    11201    11202    11203    11204    11205    11206    11207    11208    11209    11210    11211    11212
    11301    11302    11303    11304    11305    11306    11307    11308    11309    11310    11311    11312
    11401    11402    11403    11404    11405    11406    11407    11408    11409    11410    11411    11412
    11501    11502    11503    11504    11505    11506    11507    11508    11509    11510    11511    11512
 
    10101    10102    10103    10104    10105    10106    10107    10108    10109    10110    10111    10112
    10201    10202    10203    10204    10205    10206    10207    10208    10209    10210    10211    10212
    10301    10302    10303    10304    10305    10306    10307    10308    10309    10310    10311    10312
    10401    10402    10403    10404    10405    10406    10407    10408    10409    10410    10411    10412
    10501    10502    10503    10504    10505    10506    10507    10508    10509    10510    10511    10512
    10601    10602    10603    10604    10605    10606    10607    10608    10609    10610    10611    10612
    10701    10702    10703    10704    10705    10706    10707    10708    10709    10710    10711    10712
    10801    10802    10803    10804    10805    10806    10807    10808    10809    10810    10811    10812
    10901    10902    10903    10904    10905    10906    10907    10908    10909    10910    10911    10912
    11001    11002    11003    11004    11005    11006    11007    11008    11009    11010    11011    11012
    11101    11102    11103    11104    11105    11106    11107    11108    11109    11110    11111    11112
    11201    11202    11203    11204    11205    11206    11207    11208    11209    11210    11211    11212
    11301    11302    11303    11304    11305    11306    11307    11308    11309    11310    11311    11312
    11401    11402    11403    11404    11405    11406    11407    11408    11409    11410    11411    11412
    11501    11502    11503    11504    11505    11506    11507    11508    11509    11510    11511    11512
 
    10101    10102    10103    10104    10105    10106    10107    10108    10109    10110    10111    10112
    10201    10202    10203    10204    10205    10206    10207    10208    10209    10210    10211    10212
    10301    10302    10303    10304    10305    10306    10307    10308    10309    10310    10311    10312
    10401    10402    10403    10404    10405    10406    10407    10408    10409    10410    10411    10412
    10501    10502    10503    10504    10505    10506    10507    10508    10509    10510    10511    10512
    10601    10602    10603    10604    10605    10606    10607    10608    10609    10610    10611    10612
    10701    10702    10703    10704    10705    10706    10707    10708    10709    10710    10711    10712
    10801    10802    10803    10804    10805    10806    10807    10808    10809    10810    10811    10812
    10901    10902    10903    10904    10905    10906    10907    10908    10909    10910    10911    10912
    11001    11002    11003    11004    11005    11006    11007    11008    11009    11010    11011    11012
    11101    11102    11103    11104    11105    11106    11107    11108    11109    11110    11111    11112
    11201    11202    11203    11204    11205    11206    11207    11208    11209    11210    11211    11212
    11301    11302    11303    11304    11305    11306    11307    11308    11309    11310    11311    11312
    11401    11402    11403    11404    11405    11406    11407    11408    11409    11410    11411    11412
    11501    11502    11503    11504    11505    11506    11507    11508    11509    11510    11511    11512
 
    10101    10102    10103    10104    10105    10106    10107    10108    10109    10110    10111    10112
    10201    10202    10203    10204    10205    10206    10207    10208    10209    10210    10211    10212
    10301    10302    10303    10304    10305    10306    10307    10308    10309    10310    10311    10312
    10401    10402    10403    10404    10405    10406    10407    10408    10409    10410    10411    10412
    10501    10502    10503    10504    10505    10506    10507    10508    10509    10510    10511    10512
    10601    10602    10603    10604    10605    10606    10607    10608    10609    10610    10611    10612
    10701    10702    10703    10704    10705    10706    10707    10708    10709    10710    10711    10712
    10801    10802    10803    10804    10805    10806    10807    10808    10809    10810    10811    10812
    10901    10902    10903    10904    10905    10906    10907    10908    10909    10910    10911    10912
    11001    11002    11003    11004    11005    11006    11007    11008    11009    11010    11011    11012
    11101    11102    11103    11104    11105    11106    11107    11108    11109    11110    11111    11112
    11201    11202    11203    11204    11205    11206    11207    11208    11209    11210    11211    11212
    11301    11302    11303    11304    11305    11306    11307    11308    11309    11310    11311    11312
    11401    11402    11403    11404    11405    11406    11407    11408    11409    11410    11411    11412
    11501    11502    11503    11504    11505    11506    11507    11508    11509    11510    11511    11512
 
    10101    10102    10103    10104    10105    10106    10107    10108    10109    10110    10111    10112
    10201    10202    10203    10204    10205    10206    10207    10208    10209    10210    10211    10212
    10301    10302    10303    10304    10305    10306    10307    10308    10309    10310    10311    10312
    10401    10402    10403    10404    10405    10406    10407    10408    10409    10410    10411    10412
    10501    10502    10503    10504    10505    10506    10507    10508    10509    10510    10511    10512
    10601    10602    10603    10604    10605    10606    10607    10608    10609    10610    10611    10612
    10701    10702    10703    10704    10705    10706    10707    10708    10709    10710    10711    10712
    10801    10802    10803    10804    10805    10806    10807    10808    10809    10810    10811    10812
    10901    10902    10903    10904    10905    10906    10907    10908    10909    10910    10911    10912
    11001    11002    11003    11004    11005    11006    11007    11008    11009    11010    11011    11012
    11101    11102    11103    11104    11105    11106    11107    11108    11109    11110    11111    11112
    11201    11202    11203    11204    11205    11206    11207    11208    11209    11210    11211    11212
    11301    11302    11303    11304    11305    11306    11307    11308    11309    11310    11311    11312
    11401    11402    11403    11404    11405    11406    11407    11408    11409    11410    11411    11412
    11501    11502    11503    11504    11505    11506    11507    11508    11509    11510    11511    11512
 
    10101    10102    10103    10104    10105    10106    10107    10108    10109    10110    10111    10112
    10201    10202    10203    10204    10205    10206    10207    10208    10209    10210    10211    10212
    10301    10302    10303    10304    10305    10306    10307    10308    10309    10310    10311    10312
    10401    10402    10403    10404    10405    10406    10407    10408    10409    10410    10411    10412
    10501    10502    10503    10504    10505    10506    10507    10508    10509    10510    10511    10512
    10601    10602    10603    10604    10605    10606    10607    10608    10609    10610    10611    10612
    10701    10702    10703    10704    10705    10706    10707    10708    10709    10710    10711    10712
    10801    10802    10803    10804    10805    10806    10807    10808    10809    10810    10811    10812
    10901    10902    10903    10904    10905    10906    10907    10908    10909    10910    10911    10912
    11001    11002    11003    11004    11005    11006    11007    11008    11009    11010    11011    11012
    11101    11102    11103    11104    11105    11106    11107    11108    11109    11110    11111    11112
    11201    11202    11203    11204    11205    11206    11207    11208    11209    11210    11211    11212
    11301    11302    11303    11304    11305    11306    11307    11308    11309    11310    11311    11312
    11401    11402    11403    11404    11405    11406    11407    11408    11409    11410    11411    11412
    11501    11502    11503    11504    11505    11506    11507    11508    11509    11510    11511    11512
 
    10101    10102    10103    10104    10105    10106    10107    10108    10109    10110    10111    10112
    10201    10202    10203    10204    10205    10206    10207    10208    10209    10210    10211    10212
    10301    10302    10303    10304    10305    10306    10307    10308    10309    10310    10311    10312
    10401    10402    10403    10404    10405    10406    10407    10408    10409    10410    10411    10412
    10501    10502    10503    10504    10505    10506    10507    10508    10509    10510    10511    10512
    10601    10602    10603    10604    10605    10606    10607    10608    10609    10610    10611    10612
    10701    10702    10703    10704    10705    10706    10707    10708    10709    10710    10711    10712
    10801    10802    10803    10804    10805    10806    10807    10808    10809    10810    10811    10812
    10901    10902    10903    10904    10905    10906    10907    10908    10909    10910    10911    10912
    11001    11002    11003    11004    11005    11006    11007    11008    11009    11010    11011    11012
    11101    11102    11103    11104    11105    11106    11107    11108    11109    11110    11111    11112
    11201    11202    11203    11204    11205    11206    11207    11208    11209    11210    11211    11212
    11301    11302    11303    11304    11305    11306    11307    11308    11309    11310    11311    11312
    11401    11402    11403    11404    11405    11406    11407    11408    11409    11410    11411    11412
    11501    11502    11503    11504    11505    11506    11507    11508    11509    11510    11511    11512
 
    10101    10102    10103    10104    10105    10106    10107    10108    10109    10110    10111    10112
    10201    10202    10203    10204    10205    10206    10207    10208    10209    10210    10211    10212
    10301    10302    10303    10304    10305    10306    10307    10308    10309    10310    10311    10312
    10401    10402    10403    10404    10405    10406    10407    10408    10409    10410    10411    10412
    10501    10502    10503    10504    10505    10506    10507    10508    10509    10510    10511    10512
    10601    10602    10603    10604    10605    10606    10607    10608    10609    10610    10611    10612
    10701    10702    10703    10704    10705    10706    10707    10708    10709    10710    10711    10712
    10801    10802    10803    10804    10805    10806    10807    10808    10809    10810    10811    10812
    10901    10902    10903    10904    10905    10906    10907    10908    10909    10910    10911    10912
    11001    11002    11003    11004    11005    11006    11007    11008    11009    11010    11011    11012
    11101    11102    11103    11104    11105    11106    11107    11108    11109    11110    11111    11112
    11201    11202    11203    11204    11205    11206    11207    11208    11209    11210    11211    11212
    11301    11302    11303    11304    11305    11306    11307    11308    11309    11310    11311    11312
    11401    11402    11403    11404    11405    11406    11407    11408    11409    11410    11411    11412
    11501    11502    11503    11504    11505    11506    11507    11508    11509    11510    11511    11512
 
 
 atm_1
  2010101  2010102  2010103  2010104  2010105  2010106  2010107  2010108  2010109  2010110  2010111  2010112
  2010201  2010202  2010203  2010204  2010205  2010206  2010207  2010208  2010209  2010210  2010211  2010212
  2010301  2010302  2010303  2010304  2010305  2010306  2010307  2010308  2010309  2010310  2010311  2010312
  2010401  2010402  2010403  2010404  2010405  2010406  2010407  2010408  2010409  2010410  2010411  2010412
  2010501  2010502  2010503  2010504  2010505  2010506  2010507  2010508  2010509  2010510  2010511  2010512
  2010601  2010602  2010603  2010604  2010605  2010606  2010607  2010608  2010609  2010610  2010611  2010612
  2010701  2010702  2010703  2010704  2010705  2010706  2010707  2010708  2010709  2010710  2010711  2010712
  2010801  2010802  2010803  2010804  2010805  2010806  2010807  2010808  2010809  2010810  2010811  2010812
  2010901  2010902  2010903  2010904  2010905  2010906  2010907  2010908  2010909  2010910  2010911  2010912
  2011001  2011002  2011003  2011004  2011005  2011006  2011007  2011008  2011009  2011010  2011011  2011012
  2011101  2011102  2011103  2011104  2011105  2011106  2011107  2011108  2011109  2011110  2011111  2011112
  2011201  2011202  2011203  2011204  2011205  2011206  2011207  2011208  2011209  2011210  2011211  2011212
  2011301  2011302  2011303  2011304  2011305  2011306  2011307  2011308  2011309  2011310  2011311  2011312
  2011401  2011402  2011403  2011404  2011405  2011406  2011407  2011408  2011409  2011410  2011411  2011412
  2011501  2011502  2011503  2011504  2011505  2011506  2011507  2011508  2011509  2011510  2011511  2011512
 
  2010101  2010102  2010103  2010104  2010105  2010106  2010107  2010108  2010109  2010110  2010111  2010112
  2010201  2010202  2010203  2010204  2010205  2010206  2010207  2010208  2010209  2010210  2010211  2010212
  2010301  2010302  2010303  2010304  2010305  2010306  2010307  2010308  2010309  2010310  2010311  2010312
  2010401  2010402  2010403  2010404  2010405  2010406  2010407  2010408  2010409  2010410  2010411  2010412
  2010501  2010502  2010503  2010504  2010505  2010506  2010507  2010508  2010509  2010510  2010511  2010512
  2010601  2010602  2010603  2010604  2010605  2010606  2010607  2010608  2010609  2010610  2010611  2010612
  2010701  2010702  2010703  2010704  2010705  2010706  2010707  2010708  2010709  2010710  2010711  2010712
  2010801  2010802  2010803  2010804  2010805  2010806  2010807  2010808  2010809  2010810  2010811  2010812
  2010901  2010902  2010903  2010904  2010905  2010906  2010907  2010908  2010909  2010910  2010911  2010912
  2011001  2011002  2011003  2011004  2011005  2011006  2011007  2011008  2011009  2011010  2011011  2011012
  2011101  2011102  2011103  2011104  2011105  2011106  2011107  2011108  2011109  2011110  2011111  2011112
  2011201  2011202  2011203  2011204  2011205  2011206  2011207  2011208  2011209  2011210  2011211  2011212
  2011301  2011302  2011303  2011304  2011305  2011306  2011307  2011308  2011309  2011310  2011311  2011312
  2011401  2011402  2011403  2011404  2011405  2011406  2011407  2011408  2011409  2011410  2011411  2011412
  2011501  2011502  2011503  2011504  2011505  2011506  2011507  2011508  2011509  2011510  2011511  2011512
 
  2010101  2010102  2010103  2010104  2010105  2010106  2010107  2010108  2010109  2010110  2010111  2010112
  2010201  2010202  2010203  2010204  2010205  2010206  2010207  2010208  2010209  2010210  2010211  2010212
  2010301  2010302  2010303  2010304  2010305  2010306  2010307  2010308  2010309  2010310  2010311  2010312
  2010401  2010402  2010403  2010404  2010405  2010406  2010407  2010408  2010409  2010410  2010411  2010412
  2010501  2010502  2010503  2010504  2010505  2010506  2010507  2010508  2010509  2010510  2010511  2010512
  2010601  2010602  2010603  2010604  2010605  2010606  2010607  2010608  2010609  2010610  2010611  2010612
  2010701  2010702  2010703  2010704  2010705  2010706  2010707  2010708  2010709  2010710  2010711  2010712
  2010801  2010802  2010803  2010804  2010805  2010806  2010807  2010808  2010809  2010810  2010811  2010812
  2010901  2010902  2010903  2010904  2010905  2010906  2010907  2010908  2010909  2010910  2010911  2010912
  2011001  2011002  2011003  2011004  2011005  2011006  2011007  2011008  2011009  2011010  2011011  2011012
  2011101  2011102  2011103  2011104  2011105  2011106  2011107  2011108  2011109  2011110  2011111  2011112
  2011201  2011202  2011203  2011204  2011205  2011206  2011207  2011208  2011209  2011210  2011211  2011212
  2011301  2011302  2011303  2011304  2011305  2011306  2011307  2011308  2011309  2011310  2011311  2011312
  2011401  2011402  2011403  2011404  2011405  2011406  2011407  2011408  2011409  2011410  2011411  2011412
  2011501  2011502  2011503  2011504  2011505  2011506  2011507  2011508  2011509  2011510  2011511  2011512
 
  2010101  2010102  2010103  2010104  2010105  2010106  2010107  2010108  2010109  2010110  2010111  2010112
  2010201  2010202  2010203  2010204  2010205  2010206  2010207  2010208  2010209  2010210  2010211  2010212
  2010301  2010302  2010303  2010304  2010305  2010306  2010307  2010308  2010309  2010310  2010311  2010312
  2010401  2010402  2010403  2010404  2010405  2010406  2010407  2010408  2010409  2010410  2010411  2010412
  2010501  2010502  2010503  2010504  2010505  2010506  2010507  2010508  2010509  2010510  2010511  2010512
  2010601  2010602  2010603  2010604  2010605  2010606  2010607  2010608  2010609  2010610  2010611  2010612
  2010701  2010702  2010703  2010704  2010705  2010706  2010707  2010708  2010709  2010710  2010711  2010712
  2010801  2010802  2010803  2010804  2010805  2010806  2010807  2010808  2010809  2010810  2010811  2010812
  2010901  2010902  2010903  2010904  2010905  2010906  2010907  2010908  2010909  2010910  2010911  2010912
  2011001  2011002  2011003  2011004  2011005  2011006  2011007  2011008  2011009  2011010  2011011  2011012
  2011101  2011102  2011103  2011104  2011105  2011106  2011107  2011108  2011109  2011110  2011111  2011112
  2011201  2011202  2011203  2011204  2011205  2011206  2011207  2011208  2011209  2011210  2011211  2011212
  2011301  2011302  2011303  2011304  2011305  2011306  2011307  2011308  2011309  2011310  2011311  2011312
  2011401  2011402  2011403  2011404  2011405  2011406  2011407  2011408  2011409  2011410  2011411  2011412
  2011501  2011502  2011503  2011504  2011505  2011506  2011507  2011508  2011509  2011510  2011511  2011512
 
  2010101  2010102  2010103  2010104  2010105  2010106  2010107  2010108  2010109  2010110  2010111  2010112
  2010201  2010202  2010203  2010204  2010205  2010206  2010207  2010208  2010209  2010210  2010211  2010212
  2010301  2010302  2010303  2010304  2010305  2010306  2010307  2010308  2010309  2010310  2010311  2010312
  2010401  2010402  2010403  2010404  2010405  2010406  2010407  2010408  2010409  2010410  2010411  2010412
  2010501  2010502  2010503  2010504  2010505  2010506  2010507  2010508  2010509  2010510  2010511  2010512
  2010601  2010602  2010603  2010604  2010605  2010606  2010607  2010608  2010609  2010610  2010611  2010612
  2010701  2010702  2010703  2010704  2010705  2010706  2010707  2010708  2010709  2010710  2010711  2010712
  2010801  2010802  2010803  2010804  2010805  2010806  2010807  2010808  2010809  2010810  2010811  2010812
  2010901  2010902  2010903  2010904  2010905  2010906  2010907  2010908  2010909  2010910  2010911  2010912
  2011001  2011002  2011003  2011004  2011005  2011006  2011007  2011008  2011009  2011010  2011011  2011012
  2011101  2011102  2011103  2011104  2011105  2011106  2011107  2011108  2011109  2011110  2011111  2011112
  2011201  2011202  2011203  2011204  2011205  2011206  2011207  2011208  2011209  2011210  2011211  2011212
  2011301  2011302  2011303  2011304  2011305  2011306  2011307  2011308  2011309  2011310  2011311  2011312
  2011401  2011402  2011403  2011404  2011405  2011406  2011407  2011408  2011409  2011410  2011411  2011412
  2011501  2011502  2011503  2011504  2011505  2011506  2011507  2011508  2011509  2011510  2011511  2011512
 
  2010101  2010102  2010103  2010104  2010105  2010106  2010107  2010108  2010109  2010110  2010111  2010112
  2010201  2010202  2010203  2010204  2010205  2010206  2010207  2010208  2010209  2010210  2010211  2010212
  2010301  2010302  2010303  2010304  2010305  2010306  2010307  2010308  2010309  2010310  2010311  2010312
  2010401  2010402  2010403  2010404  2010405  2010406  2010407  2010408  2010409  2010410  2010411  2010412
  2010501  2010502  2010503  2010504  2010505  2010506  2010507  2010508  2010509  2010510  2010511  2010512
  2010601  2010602  2010603  2010604  2010605  2010606  2010607  2010608  2010609  2010610  2010611  2010612
  2010701  2010702  2010703  2010704  2010705  2010706  2010707  2010708  2010709  2010710  2010711  2010712
  2010801  2010802  2010803  2010804  2010805  2010806  2010807  2010808  2010809  2010810  2010811  2010812
  2010901  2010902  2010903  2010904  2010905  2010906  2010907  2010908  2010909  2010910  2010911  2010912
  2011001  2011002  2011003  2011004  2011005  2011006  2011007  2011008  2011009  2011010  2011011  2011012
  2011101  2011102  2011103  2011104  2011105  2011106  2011107  2011108  2011109  2011110  2011111  2011112
  2011201  2011202  2011203  2011204  2011205  2011206  2011207  2011208  2011209  2011210  2011211  2011212
  2011301  2011302  2011303  2011304  2011305  2011306  2011307  2011308  2011309  2011310  2011311  2011312
  2011401  2011402  2011403  2011404  2011405  2011406  2011407  2011408  2011409  2011410  2011411  2011412
  2011501  2011502  2011503  2011504  2011505  2011506  2011507  2011508  2011509  2011510  2011511  2011512
 
  2010101  2010102  2010103  2010104  2010105  2010106  2010107  2010108  2010109  2010110  2010111  2010112
  2010201  2010202  2010203  2010204  2010205  2010206  2010207  2010208  2010209  2010210  2010211  2010212
  2010301  2010302  2010303  2010304  2010305  2010306  2010307  2010308  2010309  2010310  2010311  2010312
  2010401  2010402  2010403  2010404  2010405  2010406  2010407  2010408  2010409  2010410  2010411  2010412
  2010501  2010502  2010503  2010504  2010505  2010506  2010507  2010508  2010509  2010510  2010511  2010512
  2010601  2010602  2010603  2010604  2010605  2010606  2010607  2010608  2010609  2010610  2010611  2010612
  2010701  2010702  2010703  2010704  2010705  2010706  2010707  2010708  2010709  2010710  2010711  2010712
  2010801  2010802  2010803  2010804  2010805  2010806  2010807  2010808  2010809  2010810  2010811  2010812
  2010901  2010902  2010903  2010904  2010905  2010906  2010907  2010908  2010909  2010910  2010911  2010912
  2011001  2011002  2011003  2011004  2011005  2011006  2011007  2011008  2011009  2011010  2011011  2011012
  2011101  2011102  2011103  2011104  2011105  2011106  2011107  2011108  2011109  2011110  2011111  2011112
  2011201  2011202  2011203  2011204  2011205  2011206  2011207  2011208  2011209  2011210  2011211  2011212
  2011301  2011302  2011303  2011304  2011305  2011306  2011307  2011308  2011309  2011310  2011311  2011312
  2011401  2011402  2011403  2011404  2011405  2011406  2011407  2011408  2011409  2011410  2011411  2011412
  2011501  2011502  2011503  2011504  2011505  2011506  2011507  2011508  2011509  2011510  2011511  2011512
 
  2010101  2010102  2010103  2010104  2010105  2010106  2010107  2010108  2010109  2010110  2010111  2010112
  2010201  2010202  2010203  2010204  2010205  2010206  2010207  2010208  2010209  2010210  2010211  2010212
  2010301  2010302  2010303  2010304  2010305  2010306  2010307  2010308  2010309  2010310  2010311  2010312
  2010401  2010402  2010403  2010404  2010405  2010406  2010407  2010408  2010409  2010410  2010411  2010412
  2010501  2010502  2010503  2010504  2010505  2010506  2010507  2010508  2010509  2010510  2010511  2010512
  2010601  2010602  2010603  2010604  2010605  2010606  2010607  2010608  2010609  2010610  2010611  2010612
  2010701  2010702  2010703  2010704  2010705  2010706  2010707  2010708  2010709  2010710  2010711  2010712
  2010801  2010802  2010803  2010804  2010805  2010806  2010807  2010808  2010809  2010810  2010811  2010812
  2010901  2010902  2010903  2010904  2010905  2010906  2010907  2010908  2010909  2010910  2010911  2010912
  2011001  2011002  2011003  2011004  2011005  2011006  2011007  2011008  2011009  2011010  2011011  2011012
  2011101  2011102  2011103  2011104  2011105  2011106  2011107  2011108  2011109  2011110  2011111  2011112
  2011201  2011202  2011203  2011204  2011205  2011206  2011207  2011208  2011209  2011210  2011211  2011212
  2011301  2011302  2011303  2011304  2011305  2011306  2011307  2011308  2011309  2011310  2011311  2011312
  2011401  2011402  2011403  2011404  2011405  2011406  2011407  2011408  2011409  2011410  2011411  2011412
  2011501  2011502  2011503  2011504  2011505  2011506  2011507  2011508  2011509  2011510  2011511  2011512
 
 
 atm_1
  4010101  4010102  4010103  4010104  4010105  4010106  4010107  4010108  4010109  4010110  4010111  4010112
  4010201  4010202  4010203  4010204  4010205  4010206  4010207  4010208  4010209  4010210  4010211  4010212
  4010301  4010302  4010303  4010304  4010305  4010306  4010307  4010308  4010309  4010310  4010311  4010312
  4010401  4010402  4010403  4010404  4010405  4010406  4010407  4010408  4010409  4010410  4010411  4010412
  4010501  4010502  4010503  4010504  4010505  4010506  4010507  4010508  4010509  4010510  4010511  4010512
  4010601  4010602  4010603  4010604  4010605  4010606  4010607  4010608  4010609  4010610  4010611  4010612
  4010701  4010702  4010703  4010704  4010705  4010706  4010707  4010708  4010709  4010710  4010711  4010712
  4010801  4010802  4010803  4010804  4010805  4010806  4010807  4010808  4010809  4010810  4010811  4010812
  4010901  4010902  4010903  4010904  4010905  4010906  4010907  4010908  4010909  4010910  4010911  4010912
  4011001  4011002  4011003  4011004  4011005  4011006  4011007  4011008  4011009  4011010  4011011  4011012
  4011101  4011102  4011103  4011104  4011105  4011106  4011107  4011108  4011109  4011110  4011111  4011112
  4011201  4011202  4011203  4011204  4011205  4011206  4011207  4011208  4011209  4011210  4011211  4011212
  4011301  4011302  4011303  4011304  4011305  4011306  4011307  4011308  4011309  4011310  4011311  4011312
  4011401  4011402  4011403  4011404  4011405  4011406  4011407  4011408  4011409  4011410  4011411  4011412
  4011501  4011502  4011503  4011504  4011505  4011506  4011507  4011508  4011509  4011510  4011511  4011512
 
  4010101  4010102  4010103  4010104  4010105  4010106  4010107  4010108  4010109  4010110  4010111  4010112
  4010201  4010202  4010203  4010204  4010205  4010206  4010207  4010208  4010209  4010210  4010211  4010212
  4010301  4010302  4010303  4010304  4010305  4010306  4010307  4010308  4010309  4010310  4010311  4010312
  4010401  4010402  4010403  4010404  4010405  4010406  4010407  4010408  4010409  4010410  4010411  4010412
  4010501  4010502  4010503  4010504  4010505  4010506  4010507  4010508  4010509  4010510  4010511  4010512
  4010601  4010602  4010603  4010604  4010605  4010606  4010607  4010608  4010609  4010610  4010611  4010612
  4010701  4010702  4010703  4010704  4010705  4010706  4010707  4010708  4010709  4010710  4010711  4010712
  4010801  4010802  4010803  4010804  4010805  4010806  4010807  4010808  4010809  4010810  4010811  4010812
  4010901  4010902  4010903  4010904  4010905  4010906  4010907  4010908  4010909  4010910  4010911  4010912
  4011001  4011002  4011003  4011004  4011005  4011006  4011007  4011008  4011009  4011010  4011011  4011012
  4011101  4011102  4011103  4011104  4011105  4011106  4011107  4011108  4011109  4011110  4011111  4011112
  4011201  4011202  4011203  4011204  4011205  4011206  4011207  4011208  4011209  4011210  4011211  4011212
  4011301  4011302  4011303  4011304  4011305  4011306  4011307  4011308  4011309  4011310  4011311  4011312
  4011401  4011402  4011403  4011404  4011405  4011406  4011407  4011408  4011409  4011410  4011411  4011412
  4011501  4011502  4011503  4011504  4011505  4011506  4011507  4011508  4011509  4011510  4011511  4011512
 
  4010101  4010102  4010103  4010104  4010105  4010106  4010107  4010108  4010109  4010110  4010111  4010112
  4010201  4010202  4010203  4010204  4010205  4010206  4010207  4010208  4010209  4010210  4010211  4010212
  4010301  4010302  4010303  4010304  4010305  4010306  4010307  4010308  4010309  4010310  4010311  4010312
  4010401  4010402  4010403  4010404  4010405  4010406  4010407  4010408  4010409  4010410  4010411  4010412
  4010501  4010502  4010503  4010504  4010505  4010506  4010507  4010508  4010509  4010510  4010511  4010512
  4010601  4010602  4010603  4010604  4010605  4010606  4010607  4010608  4010609  4010610  4010611  4010612
  4010701  4010702  4010703  4010704  4010705  4010706  4010707  4010708  4010709  4010710  4010711  4010712
  4010801  4010802  4010803  4010804  4010805  4010806  4010807  4010808  4010809  4010810  4010811  4010812
  4010901  4010902  4010903  4010904  4010905  4010906  4010907  4010908  4010909  4010910  4010911  4010912
  4011001  4011002  4011003  4011004  4011005  4011006  4011007  4011008  4011009  4011010  4011011  4011012
  4011101  4011102  4011103  4011104  4011105  4011106  4011107  4011108  4011109  4011110  4011111  4011112
  4011201  4011202  4011203  4011204  4011205  4011206  4011207  4011208  4011209  4011210  4011211  4011212
  4011301  4011302  4011303  4011304  4011305  4011306  4011307  4011308  4011309  4011310  4011311  4011312
  4011401  4011402  4011403  4011404  4011405  4011406  4011407  4011408  4011409  4011410  4011411  4011412
  4011501  4011502  4011503  4011504  4011505  4011506  4011507  4011508  4011509  4011510  4011511  4011512
 
  4010101  4010102  4010103  4010104  4010105  4010106  4010107  4010108  4010109  4010110  4010111  4010112
  4010201  4010202  4010203  4010204  4010205  4010206  4010207  4010208  4010209  4010210  4010211  4010212
  4010301  4010302  4010303  4010304  4010305  4010306  4010307  4010308  4010309  4010310  4010311  4010312
  4010401  4010402  4010403  4010404  4010405  4010406  4010407  4010408  4010409  4010410  4010411  4010412
  4010501  4010502  4010503  4010504  4010505  4010506  4010507  4010508  4010509  4010510  4010511  4010512
  4010601  4010602  4010603  4010604  4010605  4010606  4010607  4010608  4010609  4010610  4010611  4010612
  4010701  4010702  4010703  4010704  4010705  4010706  4010707  4010708  4010709  4010710  4010711  4010712
  4010801  4010802  4010803  4010804  4010805  4010806  4010807  4010808  4010809  4010810  4010811  4010812
  4010901  4010902  4010903  4010904  4010905  4010906  4010907  4010908  4010909  4010910  4010911  4010912
  4011001  4011002  4011003  4011004  4011005  4011006  4011007  4011008  4011009  4011010  4011011  4011012
  4011101  4011102  4011103  4011104  4011105  4011106  4011107  4011108  4011109  4011110  4011111  4011112
  4011201  4011202  4011203  4011204  4011205  4011206  4011207  4011208  4011209  4011210  4011211  4011212
  4011301  4011302  4011303  4011304  4011305  4011306  4011307  4011308  4011309  4011310  4011311  4011312
  4011401  4011402  4011403  4011404  4011405  4011406  4011407  4011408  4011409  4011410  4011411  4011412
  4011501  4011502  4011503  4011504  4011505  4011506  4011507  4011508  4011509  4011510  4011511  4011512
 
  4010101  4010102  4010103  4010104  4010105  4010106  4010107  4010108  4010109  4010110  4010111  4010112
  4010201  4010202  4010203  4010204  4010205  4010206  4010207  4010208  4010209  4010210  4010211  4010212
  4010301  4010302  4010303  4010304  4010305  4010306  4010307  4010308  4010309  4010310  4010311  4010312
  4010401  4010402  4010403  4010404  4010405  4010406  4010407  4010408  4010409  4010410  4010411  4010412
  4010501  4010502  4010503  4010504  4010505  4010506  4010507  4010508  4010509  4010510  4010511  4010512
  4010601  4010602  4010603  4010604  4010605  4010606  4010607  4010608  4010609  4010610  4010611  4010612
  4010701  4010702  4010703  4010704  4010705  4010706  4010707  4010708  4010709  4010710  4010711  4010712
  4010801  4010802  4010803  4010804  4010805  4010806  4010807  4010808  4010809  4010810  4010811  4010812
  4010901  4010902  4010903  4010904  4010905  4010906  4010907  4010908  4010909  4010910  4010911  4010912
  4011001  4011002  4011003  4011004  4011005  4011006  4011007  4011008  4011009  4011010  4011011  4011012
  4011101  4011102  4011103  4011104  4011105  4011106  4011107  4011108  4011109  4011110  4011111  4011112
  4011201  4011202  4011203  4011204  4011205  4011206  4011207  4011208  4011209  4011210  4011211  4011212
  4011301  4011302  4011303  4011304  4011305  4011306  4011307  4011308  4011309  4011310  4011311  4011312
  4011401  4011402  4011403  4011404  4011405  4011406  4011407  4011408  4011409  4011410  4011411  4011412
  4011501  4011502  4011503  4011504  4011505  4011506  4011507  4011508  4011509  4011510  4011511  4011512
 
  4010101  4010102  4010103  4010104  4010105  4010106  4010107  4010108  4010109  4010110  4010111  4010112
  4010201  4010202  4010203  4010204  4010205  4010206  4010207  4010208  4010209  4010210  4010211  4010212
  4010301  4010302  4010303  4010304  4010305  4010306  4010307  4010308  4010309  4010310  4010311  4010312
  4010401  4010402  4010403  4010404  4010405  4010406  4010407  4010408  4010409  4010410  4010411  4010412
  4010501  4010502  4010503  4010504  4010505  4010506  4010507  4010508  4010509  4010510  4010511  4010512
  4010601  4010602  4010603  4010604  4010605  4010606  4010607  4010608  4010609  4010610  4010611  4010612
  4010701  4010702  4010703  4010704  4010705  4010706  4010707  4010708  4010709  4010710  4010711  4010712
  4010801  4010802  4010803  4010804  4010805  4010806  4010807  4010808  4010809  4010810  4010811  4010812
  4010901  4010902  4010903  4010904  4010905  4010906  4010907  4010908  4010909  4010910  4010911  4010912
  4011001  4011002  4011003  4011004  4011005  4011006  4011007  4011008  4011009  4011010  4011011  4011012
  4011101  4011102  4011103  4011104  4011105  4011106  4011107  4011108  4011109  4011110  4011111  4011112
  4011201  4011202  4011203  4011204  4011205  4011206  4011207  4011208  4011209  4011210  4011211  4011212
  4011301  4011302  4011303  4011304  4011305  4011306  4011307  4011308  4011309  4011310  4011311  4011312
  4011401  4011402  4011403  4011404  4011405  4011406  4011407  4011408  4011409  4011410  4011411  4011412
  4011501  4011502  4011503  4011504  4011505  4011506  4011507  4011508  4011509  4011510  4011511  4011512
 
  4010101  4010102  4010103  4010104  4010105  4010106  4010107  4010108  4010109  4010110  4010111  4010112
  4010201  4010202  4010203  4010204  4010205  4010206  4010207  4010208  4010209  4010210  4010211  4010212
  4010301  4010302  4010303  4010304  4010305  4010306  4010307  4010308  4010309  4010310  4010311  4010312
  4010401  4010402  4010403  4010404  4010405  4010406  4010407  4010408  4010409  4010410  4010411  4010412
  4010501  4010502  4010503  4010504  4010505  4010506  4010507  4010508  4010509  4010510  4010511  4010512
  4010601  4010602  4010603  4010604  4010605  4010606  4010607  4010608  4010609  4010610  4010611  4010612
  4010701  4010702  4010703  4010704  4010705  4010706  4010707  4010708  4010709  4010710  4010711  4010712
  4010801  4010802  4010803  4010804  4010805  4010806  4010807  4010808  4010809  4010810  4010811  4010812
  4010901  4010902  4010903  4010904  4010905  4010906  4010907  4010908  4010909  4010910  4010911  4010912
  4011001  4011002  4011003  4011004  4011005  4011006  4011007  4011008  4011009  4011010  4011011  4011012
  4011101  4011102  4011103  4011104  4011105  4011106  4011107  4011108  4011109  4011110  4011111  4011112
  4011201  4011202  4011203  4011204  4011205  4011206  4011207  4011208  4011209  4011210  4011211  4011212
  4011301  4011302  4011303  4011304  4011305  4011306  4011307  4011308  4011309  4011310  4011311  4011312
  4011401  4011402  4011403  4011404  4011405  4011406  4011407  4011408  4011409  4011410  4011411  4011412
  4011501  4011502  4011503  4011504  4011505  4011506  4011507  4011508  4011509  4011510  4011511  4011512
 
  4010101  4010102  4010103  4010104  4010105  4010106  4010107  4010108  4010109  4010110  4010111  4010112
  4010201  4010202  4010203  4010204  4010205  4010206  4010207  4010208  4010209  4010210  4010211  4010212
  4010301  4010302  4010303  4010304  4010305  4010306  4010307  4010308  4010309  4010310  4010311  4010312
  4010401  4010402  4010403  4010404  4010405  4010406  4010407  4010408  4010409  4010410  4010411  4010412
  4010501  4010502  4010503  4010504  4010505  4010506  4010507  4010508  4010509  4010510  4010511  4010512
  4010601  4010602  4010603  4010604  4010605  4010606  4010607  4010608  4010609  4010610  4010611  4010612
  4010701  4010702  4010703  4010704  4010705  4010706  4010707  4010708  4010709  4010710  4010711  4010712
  4010801  4010802  4010803  4010804  4010805  4010806  4010807  4010808  4010809  4010810  4010811  4010812
  4010901  4010902  4010903  4010904  4010905  4010906  4010907  4010908  4010909  4010910  4010911  4010912
  4011001  4011002  4011003  4011004  4011005  4011006  4011007  4011008  4011009  4011010  4011011  4011012
  4011101  4011102  4011103  4011104  4011105  4011106  4011107  4011108  4011109  4011110  4011111  4011112
  4011201  4011202  4011203  4011204  4011205  4011206  4011207  4011208  4011209  4011210  4011211  4011212
  4011301  4011302  4011303  4011304  4011305  4011306  4011307  4011308  4011309  4011310  4011311  4011312
  4011401  4011402  4011403  4011404  4011405  4011406  4011407  4011408  4011409  4011410  4011411  4011412
  4011501  4011502  4011503  4011504  4011505  4011506  4011507  4011508  4011509  4011510  4011511  4011512
 
 
 atm_1
  6010101  6010102  6010103  6010104  6010105  6010106  6010107  6010108  6010109  6010110  6010111  6010112
  6010201  6010202  6010203  6010204  6010205  6010206  6010207  6010208  6010209  6010210  6010211  6010212
  6010301  6010302  6010303  6010304  6010305  6010306  6010307  6010308  6010309  6010310  6010311  6010312
  6010401  6010402  6010403  6010404  6010405  6010406  6010407  6010408  6010409  6010410  6010411  6010412
  6010501  6010502  6010503  6010504  6010505  6010506  6010507  6010508  6010509  6010510  6010511  6010512
  6010601  6010602  6010603  6010604  6010605  6010606  6010607  6010608  6010609  6010610  6010611  6010612
  6010701  6010702  6010703  6010704  6010705  6010706  6010707  6010708  6010709  6010710  6010711  6010712
  6010801  6010802  6010803  6010804  6010805  6010806  6010807  6010808  6010809  6010810  6010811  6010812
  6010901  6010902  6010903  6010904  6010905  6010906  6010907  6010908  6010909  6010910  6010911  6010912
  6011001  6011002  6011003  6011004  6011005  6011006  6011007  6011008  6011009  6011010  6011011  6011012
  6011101  6011102  6011103  6011104  6011105  6011106  6011107  6011108  6011109  6011110  6011111  6011112
  6011201  6011202  6011203  6011204  6011205  6011206  6011207  6011208  6011209  6011210  6011211  6011212
  6011301  6011302  6011303  6011304  6011305  6011306  6011307  6011308  6011309  6011310  6011311  6011312
  6011401  6011402  6011403  6011404  6011405  6011406  6011407  6011408  6011409  6011410  6011411  6011412
  6011501  6011502  6011503  6011504  6011505  6011506  6011507  6011508  6011509  6011510  6011511  6011512
 
  6010101  6010102  6010103  6010104  6010105  6010106  6010107  6010108  6010109  6010110  6010111  6010112
  6010201  6010202  6010203  6010204  6010205  6010206  6010207  6010208  6010209  6010210  6010211  6010212
  6010301  6010302  6010303  6010304  6010305  6010306  6010307  6010308  6010309  6010310  6010311  6010312
  6010401  6010402  6010403  6010404  6010405  6010406  6010407  6010408  6010409  6010410  6010411  6010412
  6010501  6010502  6010503  6010504  6010505  6010506  6010507  6010508  6010509  6010510  6010511  6010512
  6010601  6010602  6010603  6010604  6010605  6010606  6010607  6010608  6010609  6010610  6010611  6010612
  6010701  6010702  6010703  6010704  6010705  6010706  6010707  6010708  6010709  6010710  6010711  6010712
  6010801  6010802  6010803  6010804  6010805  6010806  6010807  6010808  6010809  6010810  6010811  6010812
  6010901  6010902  6010903  6010904  6010905  6010906  6010907  6010908  6010909  6010910  6010911  6010912
  6011001  6011002  6011003  6011004  6011005  6011006  6011007  6011008  6011009  6011010  6011011  6011012
  6011101  6011102  6011103  6011104  6011105  6011106  6011107  6011108  6011109  6011110  6011111  6011112
  6011201  6011202  6011203  6011204  6011205  6011206  6011207  6011208  6011209  6011210  6011211  6011212
  6011301  6011302  6011303  6011304  6011305  6011306  6011307  6011308  6011309  6011310  6011311  6011312
  6011401  6011402  6011403  6011404  6011405  6011406  6011407  6011408  6011409  6011410  6011411  6011412
  6011501  6011502  6011503  6011504  6011505  6011506  6011507  6011508  6011509  6011510  6011511  6011512
 
  6010101  6010102  6010103  6010104  6010105  6010106  6010107  6010108  6010109  6010110  6010111  6010112
  6010201  6010202  6010203  6010204  6010205  6010206  6010207  6010208  6010209  6010210  6010211  6010212
  6010301  6010302  6010303  6010304  6010305  6010306  6010307  6010308  6010309  6010310  6010311  6010312
  6010401  6010402  6010403  6010404  6010405  6010406  6010407  6010408  6010409  6010410  6010411  6010412
  6010501  6010502  6010503  6010504  6010505  6010506  6010507  6010508  6010509  6010510  6010511  6010512
  6010601  6010602  6010603  6010604  6010605  6010606  6010607  6010608  6010609  6010610  6010611  6010612
  6010701  6010702  6010703  6010704  6010705  6010706  6010707  6010708  6010709  6010710  6010711  6010712
  6010801  6010802  6010803  6010804  6010805  6010806  6010807  6010808  6010809  6010810  6010811  6010812
  6010901  6010902  6010903  6010904  6010905  6010906  6010907  6010908  6010909  6010910  6010911  6010912
  6011001  6011002  6011003  6011004  6011005  6011006  6011007  6011008  6011009  6011010  6011011  6011012
  6011101  6011102  6011103  6011104  6011105  6011106  6011107  6011108  6011109  6011110  6011111  6011112
  6011201  6011202  6011203  6011204  6011205  6011206  6011207  6011208  6011209  6011210  6011211  6011212
  6011301  6011302  6011303  6011304  6011305  6011306  6011307  6011308  6011309  6011310  6011311  6011312
  6011401  6011402  6011403  6011404  6011405  6011406  6011407  6011408  6011409  6011410  6011411  6011412
  6011501  6011502  6011503  6011504  6011505  6011506  6011507  6011508  6011509  6011510  6011511  6011512
 
  6010101  6010102  6010103  6010104  6010105  6010106  6010107  6010108  6010109  6010110  6010111  6010112
  6010201  6010202  6010203  6010204  6010205  6010206  6010207  6010208  6010209  6010210  6010211  6010212
  6010301  6010302  6010303  6010304  6010305  6010306  6010307  6010308  6010309  6010310  6010311  6010312
  6010401  6010402  6010403  6010404  6010405  6010406  6010407  6010408  6010409  6010410  6010411  6010412
  6010501  6010502  6010503  6010504  6010505  6010506  6010507  6010508  6010509  6010510  6010511  6010512
  6010601  6010602  6010603  6010604  6010605  6010606  6010607  6010608  6010609  6010610  6010611  6010612
  6010701  6010702  6010703  6010704  6010705  6010706  6010707  6010708  6010709  6010710  6010711  6010712
  6010801  6010802  6010803  6010804  6010805  6010806  6010807  6010808  6010809  6010810  6010811  6010812
  6010901  6010902  6010903  6010904  6010905  6010906  6010907  6010908  6010909  6010910  6010911  6010912
  6011001  6011002  6011003  6011004  6011005  6011006  6011007  6011008  6011009  6011010  6011011  6011012
  6011101  6011102  6011103  6011104  6011105  6011106  6011107  6011108  6011109  6011110  6011111  6011112
  6011201  6011202  6011203  6011204  6011205  6011206  6011207  6011208  6011209  6011210  6011211  6011212
  6011301  6011302  6011303  6011304  6011305  6011306  6011307  6011308  6011309  6011310  6011311  6011312
  6011401  6011402  6011403  6011404  6011405  6011406  6011407  6011408  6011409  6011410  6011411  6011412
  6011501  6011502  6011503  6011504  6011505  6011506  6011507  6011508  6011509  6011510  6011511  6011512
 
  6010101  6010102  6010103  6010104  6010105  6010106  6010107  6010108  6010109  6010110  6010111  6010112
  6010201  6010202  6010203  6010204  6010205  6010206  6010207  6010208  6010209  6010210  6010211  6010212
  6010301  6010302  6010303  6010304  6010305  6010306  6010307  6010308  6010309  6010310  6010311  6010312
  6010401  6010402  6010403  6010404  6010405  6010406  6010407  6010408  6010409  6010410  6010411  6010412
  6010501  6010502  6010503  6010504  6010505  6010506  6010507  6010508  6010509  6010510  6010511  6010512
  6010601  6010602  6010603  6010604  6010605  6010606  6010607  6010608  6010609  6010610  6010611  6010612
  6010701  6010702  6010703  6010704  6010705  6010706  6010707  6010708  6010709  6010710  6010711  6010712
  6010801  6010802  6010803  6010804  6010805  6010806  6010807  6010808  6010809  6010810  6010811  6010812
  6010901  6010902  6010903  6010904  6010905  6010906  6010907  6010908  6010909  6010910  6010911  6010912
  6011001  6011002  6011003  6011004  6011005  6011006  6011007  6011008  6011009  6011010  6011011  6011012
  6011101  6011102  6011103  6011104  6011105  6011106  6011107  6011108  6011109  6011110  6011111  6011112
  6011201  6011202  6011203  6011204  6011205  6011206  6011207  6011208  6011209  6011210  6011211  6011212
  6011301  6011302  6011303  6011304  6011305  6011306  6011307  6011308  6011309  6011310  6011311  6011312
  6011401  6011402  6011403  6011404  6011405  6011406  6011407  6011408  6011409  6011410  6011411  6011412
  6011501  6011502  6011503  6011504  6011505  6011506  6011507  6011508  6011509  6011510  6011511  6011512
 
  6010101  6010102  6010103  6010104  6010105  6010106  6010107  6010108  6010109  6010110  6010111  6010112
  6010201  6010202  6010203  6010204  6010205  6010206  6010207  6010208  6010209  6010210  6010211  6010212
  6010301  6010302  6010303  6010304  6010305  6010306  6010307  6010308  6010309  6010310  6010311  6010312
  6010401  6010402  6010403  6010404  6010405  6010406  6010407  6010408  6010409  6010410  6010411  6010412
  6010501  6010502  6010503  6010504  6010505  6010506  6010507  6010508  6010509  6010510  6010511  6010512
  6010601  6010602  6010603  6010604  6010605  6010606  6010607  6010608  6010609  6010610  6010611  6010612
  6010701  6010702  6010703  6010704  6010705  6010706  6010707  6010708  6010709  6010710  6010711  6010712
  6010801  6010802  6010803  6010804  6010805  6010806  6010807  6010808  6010809  6010810  6010811  6010812
  6010901  6010902  6010903  6010904  6010905  6010906  6010907  6010908  6010909  6010910  6010911  6010912
  6011001  6011002  6011003  6011004  6011005  6011006  6011007  6011008  6011009  6011010  6011011  6011012
  6011101  6011102  6011103  6011104  6011105  6011106  6011107  6011108  6011109  6011110  6011111  6011112
  6011201  6011202  6011203  6011204  6011205  6011206  6011207  6011208  6011209  6011210  6011211  6011212
  6011301  6011302  6011303  6011304  6011305  6011306  6011307  6011308  6011309  6011310  6011311  6011312
  6011401  6011402  6011403  6011404  6011405  6011406  6011407  6011408  6011409  6011410  6011411  6011412
  6011501  6011502  6011503  6011504  6011505  6011506  6011507  6011508  6011509  6011510  6011511  6011512
 
  6010101  6010102  6010103  6010104  6010105  6010106  6010107  6010108  6010109  6010110  6010111  6010112
  6010201  6010202  6010203  6010204  6010205  6010206  6010207  6010208  6010209  6010210  6010211  6010212
  6010301  6010302  6010303  6010304  6010305  6010306  6010307  6010308  6010309  6010310  6010311  6010312
  6010401  6010402  6010403  6010404  6010405  6010406  6010407  6010408  6010409  6010410  6010411  6010412
  6010501  6010502  6010503  6010504  6010505  6010506  6010507  6010508  6010509  6010510  6010511  6010512
  6010601  6010602  6010603  6010604  6010605  6010606  6010607  6010608  6010609  6010610  6010611  6010612
  6010701  6010702  6010703  6010704  6010705  6010706  6010707  6010708  6010709  6010710  6010711  6010712
  6010801  6010802  6010803  6010804  6010805  6010806  6010807  6010808  6010809  6010810  6010811  6010812
  6010901  6010902  6010903  6010904  6010905  6010906  6010907  6010908  6010909  6010910  6010911  6010912
  6011001  6011002  6011003  6011004  6011005  6011006  6011007  6011008  6011009  6011010  6011011  6011012
  6011101  6011102  6011103  6011104  6011105  6011106  6011107  6011108  6011109  6011110  6011111  6011112
  6011201  6011202  6011203  6011204  6011205  6011206  6011207  6011208  6011209  6011210  6011211  6011212
  6011301  6011302  6011303  6011304  6011305  6011306  6011307  6011308  6011309  6011310  6011311  6011312
  6011401  6011402  6011403  6011404  6011405  6011406  6011407  6011408  6011409  6011410  6011411  6011412
  6011501  6011502  6011503  6011504  6011505  6011506  6011507  6011508  6011509  6011510  6011511  6011512
 
  6010101  6010102  6010103  6010104  6010105  6010106  6010107  6010108  6010109  6010110  6010111  6010112
  6010201  6010202  6010203  6010204  6010205  6010206  6010207  6010208  6010209  6010210  6010211  6010212
  6010301  6010302  6010303  6010304  6010305  6010306  6010307  6010308  6010309  6010310  6010311  6010312
  6010401  6010402  6010403  6010404  6010405  6010406  6010407  6010408  6010409  6010410  6010411  6010412
  6010501  6010502  6010503  6010504  6010505  6010506  6010507  6010508  6010509  6010510  6010511  6010512
  6010601  6010602  6010603  6010604  6010605  6010606  6010607  6010608  6010609  6010610  6010611  6010612
  6010701  6010702  6010703  6010704  6010705  6010706  6010707  6010708  6010709  6010710  6010711  6010712
  6010801  6010802  6010803  6010804  6010805  6010806  6010807  6010808  6010809  6010810  6010811  6010812
  6010901  6010902  6010903  6010904  6010905  6010906  6010907  6010908  6010909  6010910  6010911  6010912
  6011001  6011002  6011003  6011004  6011005  6011006  6011007  6011008  6011009  6011010  6011011  6011012
  6011101  6011102  6011103  6011104  6011105  6011106  6011107  6011108  6011109  6011110  6011111  6011112
  6011201  6011202  6011203  6011204  6011205  6011206  6011207  6011208  6011209  6011210  6011211  6011212
  6011301  6011302  6011303  6011304  6011305  6011306  6011307  6011308  6011309  6011310  6011311  6011312
  6011401  6011402  6011403  6011404  6011405  6011406  6011407  6011408  6011409  6011410  6011411  6011412
  6011501  6011502  6011503  6011504  6011505  6011506  6011507  6011508  6011509  6011510  6011511  6011512
 
 
 atm_1
  8010101  8010102  8010103  8010104  8010105  8010106  8010107  8010108  8010109  8010110  8010111  8010112
  8010201  8010202  8010203  8010204  8010205  8010206  8010207  8010208  8010209  8010210  8010211  8010212
  8010301  8010302  8010303  8010304  8010305  8010306  8010307  8010308  8010309  8010310  8010311  8010312
  8010401  8010402  8010403  8010404  8010405  8010406  8010407  8010408  8010409  8010410  8010411  8010412
  8010501  8010502  8010503  8010504  8010505  8010506  8010507  8010508  8010509  8010510  8010511  8010512
  8010601  8010602  8010603  8010604  8010605  8010606  8010607  8010608  8010609  8010610  8010611  8010612
  8010701  8010702  8010703  8010704  8010705  8010706  8010707  8010708  8010709  8010710  8010711  8010712
  8010801  8010802  8010803  8010804  8010805  8010806  8010807  8010808  8010809  8010810  8010811  8010812
  8010901  8010902  8010903  8010904  8010905  8010906  8010907  8010908  8010909  8010910  8010911  8010912
  8011001  8011002  8011003  8011004  8011005  8011006  8011007  8011008  8011009  8011010  8011011  8011012
  8011101  8011102  8011103  8011104  8011105  8011106  8011107  8011108  8011109  8011110  8011111  8011112
  8011201  8011202  8011203  8011204  8011205  8011206  8011207  8011208  8011209  8011210  8011211  8011212
  8011301  8011302  8011303  8011304  8011305  8011306  8011307  8011308  8011309  8011310  8011311  8011312
  8011401  8011402  8011403  8011404  8011405  8011406  8011407  8011408  8011409  8011410  8011411  8011412
  8011501  8011502  8011503  8011504  8011505  8011506  8011507  8011508  8011509  8011510  8011511  8011512
 
  8010101  8010102  8010103  8010104  8010105  8010106  8010107  8010108  8010109  8010110  8010111  8010112
  8010201  8010202  8010203  8010204  8010205  8010206  8010207  8010208  8010209  8010210  8010211  8010212
  8010301  8010302  8010303  8010304  8010305  8010306  8010307  8010308  8010309  8010310  8010311  8010312
  8010401  8010402  8010403  8010404  8010405  8010406  8010407  8010408  8010409  8010410  8010411  8010412
  8010501  8010502  8010503  8010504  8010505  8010506  8010507  8010508  8010509  8010510  8010511  8010512
  8010601  8010602  8010603  8010604  8010605  8010606  8010607  8010608  8010609  8010610  8010611  8010612
  8010701  8010702  8010703  8010704  8010705  8010706  8010707  8010708  8010709  8010710  8010711  8010712
  8010801  8010802  8010803  8010804  8010805  8010806  8010807  8010808  8010809  8010810  8010811  8010812
  8010901  8010902  8010903  8010904  8010905  8010906  8010907  8010908  8010909  8010910  8010911  8010912
  8011001  8011002  8011003  8011004  8011005  8011006  8011007  8011008  8011009  8011010  8011011  8011012
  8011101  8011102  8011103  8011104  8011105  8011106  8011107  8011108  8011109  8011110  8011111  8011112
  8011201  8011202  8011203  8011204  8011205  8011206  8011207  8011208  8011209  8011210  8011211  8011212
  8011301  8011302  8011303  8011304  8011305  8011306  8011307  8011308  8011309  8011310  8011311  8011312
  8011401  8011402  8011403  8011404  8011405  8011406  8011407  8011408  8011409  8011410  8011411  8011412
  8011501  8011502  8011503  8011504  8011505  8011506  8011507  8011508  8011509  8011510  8011511  8011512
 
  8010101  8010102  8010103  8010104  8010105  8010106  8010107  8010108  8010109  8010110  8010111  8010112
  8010201  8010202  8010203  8010204  8010205  8010206  8010207  8010208  8010209  8010210  8010211  8010212
  8010301  8010302  8010303  8010304  8010305  8010306  8010307  8010308  8010309  8010310  8010311  8010312
  8010401  8010402  8010403  8010404  8010405  8010406  8010407  8010408  8010409  8010410  8010411  8010412
  8010501  8010502  8010503  8010504  8010505  8010506  8010507  8010508  8010509  8010510  8010511  8010512
  8010601  8010602  8010603  8010604  8010605  8010606  8010607  8010608  8010609  8010610  8010611  8010612
  8010701  8010702  8010703  8010704  8010705  8010706  8010707  8010708  8010709  8010710  8010711  8010712
  8010801  8010802  8010803  8010804  8010805  8010806  8010807  8010808  8010809  8010810  8010811  8010812
  8010901  8010902  8010903  8010904  8010905  8010906  8010907  8010908  8010909  8010910  8010911  8010912
  8011001  8011002  8011003  8011004  8011005  8011006  8011007  8011008  8011009  8011010  8011011  8011012
  8011101  8011102  8011103  8011104  8011105  8011106  8011107  8011108  8011109  8011110  8011111  8011112
  8011201  8011202  8011203  8011204  8011205  8011206  8011207  8011208  8011209  8011210  8011211  8011212
  8011301  8011302  8011303  8011304  8011305  8011306  8011307  8011308  8011309  8011310  8011311  8011312
  8011401  8011402  8011403  8011404  8011405  8011406  8011407  8011408  8011409  8011410  8011411  8011412
  8011501  8011502  8011503  8011504  8011505  8011506  8011507  8011508  8011509  8011510  8011511  8011512
 
  8010101  8010102  8010103  8010104  8010105  8010106  8010107  8010108  8010109  8010110  8010111  8010112
  8010201  8010202  8010203  8010204  8010205  8010206  8010207  8010208  8010209  8010210  8010211  8010212
  8010301  8010302  8010303  8010304  8010305  8010306  8010307  8010308  8010309  8010310  8010311  8010312
  8010401  8010402  8010403  8010404  8010405  8010406  8010407  8010408  8010409  8010410  8010411  8010412
  8010501  8010502  8010503  8010504  8010505  8010506  8010507  8010508  8010509  8010510  8010511  8010512
  8010601  8010602  8010603  8010604  8010605  8010606  8010607  8010608  8010609  8010610  8010611  8010612
  8010701  8010702  8010703  8010704  8010705  8010706  8010707  8010708  8010709  8010710  8010711  8010712
  8010801  8010802  8010803  8010804  8010805  8010806  8010807  8010808  8010809  8010810  8010811  8010812
  8010901  8010902  8010903  8010904  8010905  8010906  8010907  8010908  8010909  8010910  8010911  8010912
  8011001  8011002  8011003  8011004  8011005  8011006  8011007  8011008  8011009  8011010  8011011  8011012
  8011101  8011102  8011103  8011104  8011105  8011106  8011107  8011108  8011109  8011110  8011111  8011112
  8011201  8011202  8011203  8011204  8011205  8011206  8011207  8011208  8011209  8011210  8011211  8011212
  8011301  8011302  8011303  8011304  8011305  8011306  8011307  8011308  8011309  8011310  8011311  8011312
  8011401  8011402  8011403  8011404  8011405  8011406  8011407  8011408  8011409  8011410  8011411  8011412
  8011501  8011502  8011503  8011504  8011505  8011506  8011507  8011508  8011509  8011510  8011511  8011512
 
  8010101  8010102  8010103  8010104  8010105  8010106  8010107  8010108  8010109  8010110  8010111  8010112
  8010201  8010202  8010203  8010204  8010205  8010206  8010207  8010208  8010209  8010210  8010211  8010212
  8010301  8010302  8010303  8010304  8010305  8010306  8010307  8010308  8010309  8010310  8010311  8010312
  8010401  8010402  8010403  8010404  8010405  8010406  8010407  8010408  8010409  8010410  8010411  8010412
  8010501  8010502  8010503  8010504  8010505  8010506  8010507  8010508  8010509  8010510  8010511  8010512
  8010601  8010602  8010603  8010604  8010605  8010606  8010607  8010608  8010609  8010610  8010611  8010612
  8010701  8010702  8010703  8010704  8010705  8010706  8010707  8010708  8010709  8010710  8010711  8010712
  8010801  8010802  8010803  8010804  8010805  8010806  8010807  8010808  8010809  8010810  8010811  8010812
  8010901  8010902  8010903  8010904  8010905  8010906  8010907  8010908  8010909  8010910  8010911  8010912
  8011001  8011002  8011003  8011004  8011005  8011006  8011007  8011008  8011009  8011010  8011011  8011012
  8011101  8011102  8011103  8011104  8011105  8011106  8011107  8011108  8011109  8011110  8011111  8011112
  8011201  8011202  8011203  8011204  8011205  8011206  8011207  8011208  8011209  8011210  8011211  8011212
  8011301  8011302  8011303  8011304  8011305  8011306  8011307  8011308  8011309  8011310  8011311  8011312
  8011401  8011402  8011403  8011404  8011405  8011406  8011407  8011408  8011409  8011410  8011411  8011412
  8011501  8011502  8011503  8011504  8011505  8011506  8011507  8011508  8011509  8011510  8011511  8011512
 
  8010101  8010102  8010103  8010104  8010105  8010106  8010107  8010108  8010109  8010110  8010111  8010112
  8010201  8010202  8010203  8010204  8010205  8010206  8010207  8010208  8010209  8010210  8010211  8010212
  8010301  8010302  8010303  8010304  8010305  8010306  8010307  8010308  8010309  8010310  8010311  8010312
  8010401  8010402  8010403  8010404  8010405  8010406  8010407  8010408  8010409  8010410  8010411  8010412
  8010501  8010502  8010503  8010504  8010505  8010506  8010507  8010508  8010509  8010510  8010511  8010512
  8010601  8010602  8010603  8010604  8010605  8010606  8010607  8010608  8010609  8010610  8010611  8010612
  8010701  8010702  8010703  8010704  8010705  8010706  8010707  8010708  8010709  8010710  8010711  8010712
  8010801  8010802  8010803  8010804  8010805  8010806  8010807  8010808  8010809  8010810  8010811  8010812
  8010901  8010902  8010903  8010904  8010905  8010906  8010907  8010908  8010909  8010910  8010911  8010912
  8011001  8011002  8011003  8011004  8011005  8011006  8011007  8011008  8011009  8011010  8011011  8011012
  8011101  8011102  8011103  8011104  8011105  8011106  8011107  8011108  8011109  8011110  8011111  8011112
  8011201  8011202  8011203  8011204  8011205  8011206  8011207  8011208  8011209  8011210  8011211  8011212
  8011301  8011302  8011303  8011304  8011305  8011306  8011307  8011308  8011309  8011310  8011311  8011312
  8011401  8011402  8011403  8011404  8011405  8011406  8011407  8011408  8011409  8011410  8011411  8011412
  8011501  8011502  8011503  8011504  8011505  8011506  8011507  8011508  8011509  8011510  8011511  8011512
 
  8010101  8010102  8010103  8010104  8010105  8010106  8010107  8010108  8010109  8010110  8010111  8010112
  8010201  8010202  8010203  8010204  8010205  8010206  8010207  8010208  8010209  8010210  8010211  8010212
  8010301  8010302  8010303  8010304  8010305  8010306  8010307  8010308  8010309  8010310  8010311  8010312
  8010401  8010402  8010403  8010404  8010405  8010406  8010407  8010408  8010409  8010410  8010411  8010412
  8010501  8010502  8010503  8010504  8010505  8010506  8010507  8010508  8010509  8010510  8010511  8010512
  8010601  8010602  8010603  8010604  8010605  8010606  8010607  8010608  8010609  8010610  8010611  8010612
  8010701  8010702  8010703  8010704  8010705  8010706  8010707  8010708  8010709  8010710  8010711  8010712
  8010801  8010802  8010803  8010804  8010805  8010806  8010807  8010808  8010809  8010810  8010811  8010812
  8010901  8010902  8010903  8010904  8010905  8010906  8010907  8010908  8010909  8010910  8010911  8010912
  8011001  8011002  8011003  8011004  8011005  8011006  8011007  8011008  8011009  8011010  8011011  8011012
  8011101  8011102  8011103  8011104  8011105  8011106  8011107  8011108  8011109  8011110  8011111  8011112
  8011201  8011202  8011203  8011204  8011205  8011206  8011207  8011208  8011209  8011210  8011211  8011212
  8011301  8011302  8011303  8011304  8011305  8011306  8011307  8011308  8011309  8011310  8011311  8011312
  8011401  8011402  8011403  8011404  8011405  8011406  8011407  8011408  8011409  8011410  8011411  8011412
  8011501  8011502  8011503  8011504  8011505  8011506  8011507  8011508  8011509  8011510  8011511  8011512
 
  8010101  8010102  8010103  8010104  8010105  8010106  8010107  8010108  8010109  8010110  8010111  8010112
  8010201  8010202  8010203  8010204  8010205  8010206  8010207  8010208  8010209  8010210  8010211  8010212
  8010301  8010302  8010303  8010304  8010305  8010306  8010307  8010308  8010309  8010310  8010311  8010312
  8010401  8010402  8010403  8010404  8010405  8010406  8010407  8010408  8010409  8010410  8010411  8010412
  8010501  8010502  8010503  8010504  8010505  8010506  8010507  8010508  8010509  8010510  8010511  8010512
  8010601  8010602  8010603  8010604  8010605  8010606  8010607  8010608  8010609  8010610  8010611  8010612
  8010701  8010702  8010703  8010704  8010705  8010706  8010707  8010708  8010709  8010710  8010711  8010712
  8010801  8010802  8010803  8010804  8010805  8010806  8010807  8010808  8010809  8010810  8010811  8010812
  8010901  8010902  8010903  8010904  8010905  8010906  8010907  8010908  8010909  8010910  8010911  8010912
  8011001  8011002  8011003  8011004  8011005  8011006  8011007  8011008  8011009  8011010  8011011  8011012
  8011101  8011102  8011103  8011104  8011105  8011106  8011107  8011108  8011109  8011110  8011111  8011112
  8011201  8011202  8011203  8011204  8011205  8011206  8011207  8011208  8011209  8011210  8011211  8011212
  8011301  8011302  8011303  8011304  8011305  8011306  8011307  8011308  8011309  8011310  8011311  8011312
  8011401  8011402  8011403  8011404  8011405  8011406  8011407  8011408  8011409  8011410  8011411  8011412
  8011501  8011502  8011503  8011504  8011505  8011506  8011507  8011508  8011509  8011510  8011511  8011512
 
 
 atm_1
 10010101 10010102 10010103 10010104 10010105 10010106 10010107 10010108 10010109 10010110 10010111 10010112
 10010201 10010202 10010203 10010204 10010205 10010206 10010207 10010208 10010209 10010210 10010211 10010212
 10010301 10010302 10010303 10010304 10010305 10010306 10010307 10010308 10010309 10010310 10010311 10010312
 10010401 10010402 10010403 10010404 10010405 10010406 10010407 10010408 10010409 10010410 10010411 10010412
 10010501 10010502 10010503 10010504 10010505 10010506 10010507 10010508 10010509 10010510 10010511 10010512
 10010601 10010602 10010603 10010604 10010605 10010606 10010607 10010608 10010609 10010610 10010611 10010612
 10010701 10010702 10010703 10010704 10010705 10010706 10010707 10010708 10010709 10010710 10010711 10010712
 10010801 10010802 10010803 10010804 10010805 10010806 10010807 10010808 10010809 10010810 10010811 10010812
 10010901 10010902 10010903 10010904 10010905 10010906 10010907 10010908 10010909 10010910 10010911 10010912
 10011001 10011002 10011003 10011004 10011005 10011006 10011007 10011008 10011009 10011010 10011011 10011012
 10011101 10011102 10011103 10011104 10011105 10011106 10011107 10011108 10011109 10011110 10011111 10011112
 10011201 10011202 10011203 10011204 10011205 10011206 10011207 10011208 10011209 10011210 10011211 10011212
 10011301 10011302 10011303 10011304 10011305 10011306 10011307 10011308 10011309 10011310 10011311 10011312
 10011401 10011402 10011403 10011404 10011405 10011406 10011407 10011408 10011409 10011410 10011411 10011412
 10011501 10011502 10011503 10011504 10011505 10011506 10011507 10011508 10011509 10011510 10011511 10011512
 
 10010101 10010102 10010103 10010104 10010105 10010106 10010107 10010108 10010109 10010110 10010111 10010112
 10010201 10010202 10010203 10010204 10010205 10010206 10010207 10010208 10010209 10010210 10010211 10010212
 10010301 10010302 10010303 10010304 10010305 10010306 10010307 10010308 10010309 10010310 10010311 10010312
 10010401 10010402 10010403 10010404 10010405 10010406 10010407 10010408 10010409 10010410 10010411 10010412
 10010501 10010502 10010503 10010504 10010505 10010506 10010507 10010508 10010509 10010510 10010511 10010512
 10010601 10010602 10010603 10010604 10010605 10010606 10010607 10010608 10010609 10010610 10010611 10010612
 10010701 10010702 10010703 10010704 10010705 10010706 10010707 10010708 10010709 10010710 10010711 10010712
 10010801 10010802 10010803 10010804 10010805 10010806 10010807 10010808 10010809 10010810 10010811 10010812
 10010901 10010902 10010903 10010904 10010905 10010906 10010907 10010908 10010909 10010910 10010911 10010912
 10011001 10011002 10011003 10011004 10011005 10011006 10011007 10011008 10011009 10011010 10011011 10011012
 10011101 10011102 10011103 10011104 10011105 10011106 10011107 10011108 10011109 10011110 10011111 10011112
 10011201 10011202 10011203 10011204 10011205 10011206 10011207 10011208 10011209 10011210 10011211 10011212
 10011301 10011302 10011303 10011304 10011305 10011306 10011307 10011308 10011309 10011310 10011311 10011312
 10011401 10011402 10011403 10011404 10011405 10011406 10011407 10011408 10011409 10011410 10011411 10011412
 10011501 10011502 10011503 10011504 10011505 10011506 10011507 10011508 10011509 10011510 10011511 10011512
 
 10010101 10010102 10010103 10010104 10010105 10010106 10010107 10010108 10010109 10010110 10010111 10010112
 10010201 10010202 10010203 10010204 10010205 10010206 10010207 10010208 10010209 10010210 10010211 10010212
 10010301 10010302 10010303 10010304 10010305 10010306 10010307 10010308 10010309 10010310 10010311 10010312
 10010401 10010402 10010403 10010404 10010405 10010406 10010407 10010408 10010409 10010410 10010411 10010412
 10010501 10010502 10010503 10010504 10010505 10010506 10010507 10010508 10010509 10010510 10010511 10010512
 10010601 10010602 10010603 10010604 10010605 10010606 10010607 10010608 10010609 10010610 10010611 10010612
 10010701 10010702 10010703 10010704 10010705 10010706 10010707 10010708 10010709 10010710 10010711 10010712
 10010801 10010802 10010803 10010804 10010805 10010806 10010807 10010808 10010809 10010810 10010811 10010812
 10010901 10010902 10010903 10010904 10010905 10010906 10010907 10010908 10010909 10010910 10010911 10010912
 10011001 10011002 10011003 10011004 10011005 10011006 10011007 10011008 10011009 10011010 10011011 10011012
 10011101 10011102 10011103 10011104 10011105 10011106 10011107 10011108 10011109 10011110 10011111 10011112
 10011201 10011202 10011203 10011204 10011205 10011206 10011207 10011208 10011209 10011210 10011211 10011212
 10011301 10011302 10011303 10011304 10011305 10011306 10011307 10011308 10011309 10011310 10011311 10011312
 10011401 10011402 10011403 10011404 10011405 10011406 10011407 10011408 10011409 10011410 10011411 10011412
 10011501 10011502 10011503 10011504 10011505 10011506 10011507 10011508 10011509 10011510 10011511 10011512
 
 10010101 10010102 10010103 10010104 10010105 10010106 10010107 10010108 10010109 10010110 10010111 10010112
 10010201 10010202 10010203 10010204 10010205 10010206 10010207 10010208 10010209 10010210 10010211 10010212
 10010301 10010302 10010303 10010304 10010305 10010306 10010307 10010308 10010309 10010310 10010311 10010312
 10010401 10010402 10010403 10010404 10010405 10010406 10010407 10010408 10010409 10010410 10010411 10010412
 10010501 10010502 10010503 10010504 10010505 10010506 10010507 10010508 10010509 10010510 10010511 10010512
 10010601 10010602 10010603 10010604 10010605 10010606 10010607 10010608 10010609 10010610 10010611 10010612
 10010701 10010702 10010703 10010704 10010705 10010706 10010707 10010708 10010709 10010710 10010711 10010712
 10010801 10010802 10010803 10010804 10010805 10010806 10010807 10010808 10010809 10010810 10010811 10010812
 10010901 10010902 10010903 10010904 10010905 10010906 10010907 10010908 10010909 10010910 10010911 10010912
 10011001 10011002 10011003 10011004 10011005 10011006 10011007 10011008 10011009 10011010 10011011 10011012
 10011101 10011102 10011103 10011104 10011105 10011106 10011107 10011108 10011109 10011110 10011111 10011112
 10011201 10011202 10011203 10011204 10011205 10011206 10011207 10011208 10011209 10011210 10011211 10011212
 10011301 10011302 10011303 10011304 10011305 10011306 10011307 10011308 10011309 10011310 10011311 10011312
 10011401 10011402 10011403 10011404 10011405 10011406 10011407 10011408 10011409 10011410 10011411 10011412
 10011501 10011502 10011503 10011504 10011505 10011506 10011507 10011508 10011509 10011510 10011511 10011512
 
 10010101 10010102 10010103 10010104 10010105 10010106 10010107 10010108 10010109 10010110 10010111 10010112
 10010201 10010202 10010203 10010204 10010205 10010206 10010207 10010208 10010209 10010210 10010211 10010212
 10010301 10010302 10010303 10010304 10010305 10010306 10010307 10010308 10010309 10010310 10010311 10010312
 10010401 10010402 10010403 10010404 10010405 10010406 10010407 10010408 10010409 10010410 10010411 10010412
 10010501 10010502 10010503 10010504 10010505 10010506 10010507 10010508 10010509 10010510 10010511 10010512
 10010601 10010602 10010603 10010604 10010605 10010606 10010607 10010608 10010609 10010610 10010611 10010612
 10010701 10010702 10010703 10010704 10010705 10010706 10010707 10010708 10010709 10010710 10010711 10010712
 10010801 10010802 10010803 10010804 10010805 10010806 10010807 10010808 10010809 10010810 10010811 10010812
 10010901 10010902 10010903 10010904 10010905 10010906 10010907 10010908 10010909 10010910 10010911 10010912
 10011001 10011002 10011003 10011004 10011005 10011006 10011007 10011008 10011009 10011010 10011011 10011012
 10011101 10011102 10011103 10011104 10011105 10011106 10011107 10011108 10011109 10011110 10011111 10011112
 10011201 10011202 10011203 10011204 10011205 10011206 10011207 10011208 10011209 10011210 10011211 10011212
 10011301 10011302 10011303 10011304 10011305 10011306 10011307 10011308 10011309 10011310 10011311 10011312
 10011401 10011402 10011403 10011404 10011405 10011406 10011407 10011408 10011409 10011410 10011411 10011412
 10011501 10011502 10011503 10011504 10011505 10011506 10011507 10011508 10011509 10011510 10011511 10011512
 
 10010101 10010102 10010103 10010104 10010105 10010106 10010107 10010108 10010109 10010110 10010111 10010112
 10010201 10010202 10010203 10010204 10010205 10010206 10010207 10010208 10010209 10010210 10010211 10010212
 10010301 10010302 10010303 10010304 10010305 10010306 10010307 10010308 10010309 10010310 10010311 10010312
 10010401 10010402 10010403 10010404 10010405 10010406 10010407 10010408 10010409 10010410 10010411 10010412
 10010501 10010502 10010503 10010504 10010505 10010506 10010507 10010508 10010509 10010510 10010511 10010512
 10010601 10010602 10010603 10010604 10010605 10010606 10010607 10010608 10010609 10010610 10010611 10010612
 10010701 10010702 10010703 10010704 10010705 10010706 10010707 10010708 10010709 10010710 10010711 10010712
 10010801 10010802 10010803 10010804 10010805 10010806 10010807 10010808 10010809 10010810 10010811 10010812
 10010901 10010902 10010903 10010904 10010905 10010906 10010907 10010908 10010909 10010910 10010911 10010912
 10011001 10011002 10011003 10011004 10011005 10011006 10011007 10011008 10011009 10011010 10011011 10011012
 10011101 10011102 10011103 10011104 10011105 10011106 10011107 10011108 10011109 10011110 10011111 10011112
 10011201 10011202 10011203 10011204 10011205 10011206 10011207 10011208 10011209 10011210 10011211 10011212
 10011301 10011302 10011303 10011304 10011305 10011306 10011307 10011308 10011309 10011310 10011311 10011312
 10011401 10011402 10011403 10011404 10011405 10011406 10011407 10011408 10011409 10011410 10011411 10011412
 10011501 10011502 10011503 10011504 10011505 10011506 10011507 10011508 10011509 10011510 10011511 10011512
 
 10010101 10010102 10010103 10010104 10010105 10010106 10010107 10010108 10010109 10010110 10010111 10010112
 10010201 10010202 10010203 10010204 10010205 10010206 10010207 10010208 10010209 10010210 10010211 10010212
 10010301 10010302 10010303 10010304 10010305 10010306 10010307 10010308 10010309 10010310 10010311 10010312
 10010401 10010402 10010403 10010404 10010405 10010406 10010407 10010408 10010409 10010410 10010411 10010412
 10010501 10010502 10010503 10010504 10010505 10010506 10010507 10010508 10010509 10010510 10010511 10010512
 10010601 10010602 10010603 10010604 10010605 10010606 10010607 10010608 10010609 10010610 10010611 10010612
 10010701 10010702 10010703 10010704 10010705 10010706 10010707 10010708 10010709 10010710 10010711 10010712
 10010801 10010802 10010803 10010804 10010805 10010806 10010807 10010808 10010809 10010810 10010811 10010812
 10010901 10010902 10010903 10010904 10010905 10010906 10010907 10010908 10010909 10010910 10010911 10010912
 10011001 10011002 10011003 10011004 10011005 10011006 10011007 10011008 10011009 10011010 10011011 10011012
 10011101 10011102 10011103 10011104 10011105 10011106 10011107 10011108 10011109 10011110 10011111 10011112
 10011201 10011202 10011203 10011204 10011205 10011206 10011207 10011208 10011209 10011210 10011211 10011212
 10011301 10011302 10011303 10011304 10011305 10011306 10011307 10011308 10011309 10011310 10011311 10011312
 10011401 10011402 10011403 10011404 10011405 10011406 10011407 10011408 10011409 10011410 10011411 10011412
 10011501 10011502 10011503 10011504 10011505 10011506 10011507 10011508 10011509 10011510 10011511 10011512
 
 10010101 10010102 10010103 10010104 10010105 10010106 10010107 10010108 10010109 10010110 10010111 10010112
 10010201 10010202 10010203 10010204 10010205 10010206 10010207 10010208 10010209 10010210 10010211 10010212
 10010301 10010302 10010303 10010304 10010305 10010306 10010307 10010308 10010309 10010310 10010311 10010312
 10010401 10010402 10010403 10010404 10010405 10010406 10010407 10010408 10010409 10010410 10010411 10010412
 10010501 10010502 10010503 10010504 10010505 10010506 10010507 10010508 10010509 10010510 10010511 10010512
 10010601 10010602 10010603 10010604 10010605 10010606 10010607 10010608 10010609 10010610 10010611 10010612
 10010701 10010702 10010703 10010704 10010705 10010706 10010707 10010708 10010709 10010710 10010711 10010712
 10010801 10010802 10010803 10010804 10010805 10010806 10010807 10010808 10010809 10010810 10010811 10010812
 10010901 10010902 10010903 10010904 10010905 10010906 10010907 10010908 10010909 10010910 10010911 10010912
 10011001 10011002 10011003 10011004 10011005 10011006 10011007 10011008 10011009 10011010 10011011 10011012
 10011101 10011102 10011103 10011104 10011105 10011106 10011107 10011108 10011109 10011110 10011111 10011112
 10011201 10011202 10011203 10011204 10011205 10011206 10011207 10011208 10011209 10011210 10011211 10011212
 10011301 10011302 10011303 10011304 10011305 10011306 10011307 10011308 10011309 10011310 10011311 10011312
 10011401 10011402 10011403 10011404 10011405 10011406 10011407 10011408 10011409 10011410 10011411 10011412
 10011501 10011502 10011503 10011504 10011505 10011506 10011507 10011508 10011509 10011510 10011511 10011512
 
 
